,Q1,Q2,Q3,Q4,Q5,Q6,Q7,Q8,Q9,Q10,Q11,Q12,Q13,Q14,Q15,Q16,Q17,Q18,Q19,Q20,sim_time,forget_threshold,num_facts,model_sof,c,s,F,t0
0,0.349609375,0.250390625,0.349609375,0.3,0.250390625,0.3,0.3,0.3,0.3,0.3,0.3,0.3,0.3,0.3,0.3,0.3,0.3,0.3,0.3,0.3,1.0,-0.8,20.0,0.3,0.25,0.3,1.0,0.3
0,0.250390625,0.349609375,0.349609375,0.3,0.349609375,0.3,0.3,0.3,0.3,0.3,0.3,0.3,0.3,0.3,0.3,0.3,0.3,0.3,0.3,0.3,1.0,-0.8,20.0,0.31,0.25,0.3,1.0,0.3
0,0.349609375,0.250390625,0.250390625,0.3,0.3,0.3,0.3,0.3,0.3,0.3,0.3,0.3,0.3,0.3,0.3,0.3,0.3,0.3,0.3,0.3,1.0,-0.8,20.0,0.32,0.25,0.3,1.0,0.3
0,0.349609375,0.250390625,0.250390625,0.349609375,0.3,0.3,0.3,0.3,0.3,0.3,0.3,0.3,0.3,0.3,0.3,0.3,0.3,0.3,0.3,0.3,1.0,-0.8,20.0,0.33,0.25,0.3,1.0,0.3
0,0.283203125,0.250390625,0.250390625,0.250390625,0.3,0.3,0.3,0.3,0.3,0.3,0.3,0.3,0.3,0.3,0.3,0.3,0.3,0.3,0.3,0.3,1.0,-0.8,20.0,0.34,0.25,0.3,1.0,0.3
0,0.250390625,0.250390625,0.250390625,0.349609375,0.266015625,0.3,0.3,0.3,0.3,0.3,0.3,0.3,0.3,0.3,0.3,0.3,0.3,0.3,0.3,0.3,1.0,-0.8,20.0,0.35,0.25,0.3,1.0,0.3
0,0.349609375,0.349609375,0.3,0.3,0.3,0.3,0.3,0.3,0.3,0.3,0.3,0.3,0.3,0.3,0.3,0.3,0.3,0.3,0.3,0.3,1.0,-0.8,20.0,0.36,0.25,0.3,1.0,0.3
0,0.349609375,0.349609375,0.349609375,0.3,0.3,0.3,0.3,0.3,0.3,0.3,0.3,0.3,0.3,0.3,0.3,0.3,0.3,0.3,0.3,0.3,1.0,-0.8,20.0,0.37,0.25,0.3,1.0,0.3
0,0.301171875,0.250390625,0.349609375,0.3,0.349609375,0.3,0.3,0.3,0.3,0.3,0.3,0.3,0.3,0.3,0.3,0.3,0.3,0.3,0.3,0.3,1.0,-0.8,20.0,0.38,0.25,0.3,1.0,0.3
0,0.349609375,0.250390625,0.250390625,0.349609375,0.349609375,0.3,0.3,0.3,0.3,0.3,0.3,0.3,0.3,0.3,0.3,0.3,0.3,0.3,0.3,0.3,1.0,-0.8,20.0,0.39,0.25,0.3,1.0,0.3
0,0.349609375,0.250390625,0.250390625,0.349609375,0.349609375,0.3,0.3,0.3,0.3,0.3,0.3,0.3,0.3,0.3,0.3,0.3,0.3,0.3,0.3,0.3,1.0,-0.8,20.0,0.4,0.25,0.3,1.0,0.3
0,0.30000000000000004,0.250390625,0.250390625,0.3,0.3,0.3,0.3,0.3,0.3,0.3,0.3,0.3,0.3,0.3,0.3,0.3,0.3,0.3,0.3,0.3,1.0,-0.8,20.0,0.41,0.25,0.3,1.0,0.3
0,0.349609375,0.250390625,0.349609375,0.3,0.3,0.3,0.3,0.3,0.3,0.3,0.3,0.3,0.3,0.3,0.3,0.3,0.3,0.3,0.3,0.3,1.0,-0.8,20.0,0.42,0.25,0.3,1.0,0.3
0,0.39921874999999996,0.349609375,0.349609375,0.3,0.3,0.3,0.3,0.3,0.3,0.3,0.3,0.3,0.3,0.3,0.3,0.3,0.3,0.3,0.3,0.3,1.0,-0.8,20.0,0.43,0.25,0.3,1.0,0.3
0,0.250390625,0.250390625,0.349609375,0.3,0.3,0.3,0.3,0.3,0.3,0.3,0.3,0.3,0.3,0.3,0.3,0.3,0.3,0.3,0.3,0.3,1.0,-0.8,20.0,0.44,0.25,0.3,1.0,0.3
0,0.349609375,0.250390625,0.349609375,0.3,0.349609375,0.3,0.3,0.3,0.3,0.3,0.3,0.3,0.3,0.3,0.3,0.3,0.3,0.3,0.3,0.3,1.0,-0.8,20.0,0.45,0.25,0.3,1.0,0.3
0,0.349609375,0.349609375,0.349609375,0.3,0.3,0.3,0.3,0.3,0.3,0.3,0.3,0.3,0.3,0.3,0.3,0.3,0.3,0.3,0.3,0.3,1.0,-0.8,20.0,0.46,0.25,0.3,1.0,0.3
0,0.349609375,0.250390625,0.349609375,0.3,0.349609375,0.3,0.3,0.3,0.3,0.3,0.3,0.3,0.3,0.3,0.3,0.3,0.3,0.3,0.3,0.3,1.0,-0.8,20.0,0.47,0.25,0.3,1.0,0.3
0,0.250390625,0.349609375,0.349609375,0.349609375,0.3,0.3,0.3,0.3,0.3,0.3,0.3,0.3,0.3,0.3,0.3,0.3,0.3,0.3,0.3,0.3,1.0,-0.8,20.0,0.48,0.25,0.3,1.0,0.3
0,0.349609375,0.250390625,0.250390625,0.3,0.3,0.3,0.3,0.3,0.3,0.3,0.3,0.3,0.3,0.3,0.3,0.3,0.3,0.3,0.3,0.3,1.0,-0.8,20.0,0.49,0.25,0.3,1.0,0.3
