,Q1,Q2,Q3,Q4,Q5,Q6,Q7,Q8,Q9,Q10,Q11,Q12,Q13,Q14,Q15,Q16,Q17,Q18,Q19,Q20,sim_time,forget_threshold,num_facts,model_sof,c,s,F,t0
0,0.321875,0.165625,0.15156250000000002,0.20078125,0.15156250000000002,0.2832031250000001,0.25546875,0.1945312500000001,0.3285156250000001,0.15156250000000002,0.32890624999999996,0.22578125000000002,0.27812500000000007,0.36601562499999984,0.2496093750000001,0.15117187499999998,0.31757812500000016,0.35507812500000013,0.151171875,0.15156250000000002,12.0,-0.8,20.0,0.2,0.25,0.3,1.0,0.3
1,0.26835937499999996,0.18828124999999998,0.25312500000000016,0.27890625,0.15117187499999998,0.20390624999999998,0.28789062499999996,0.3695312500000001,0.26484374999999993,0.20117187499999997,0.26640624999999996,0.30000000000000004,0.34921875,0.38671875,0.2679687500000001,0.15117187499999998,0.15117187499999998,0.38437500000000013,0.15117187499999998,0.3414062499999999,12.0,-0.8,20.0,0.2,0.25,0.3,1.0,0.3
2,0.16132812500000002,0.261328125,0.15585937500000002,0.19921875000000014,0.26289062500000004,0.17578125000000008,0.31914062500000007,0.20468750000000008,0.16406249999999997,0.23320312500000004,0.22695312500000006,0.24453124999999992,0.16953125,0.314453125,0.16992187499999997,0.10742187499999997,0.15195312500000002,0.2046875,0.14140625,0.31953125000000016,12.0,-0.8,20.0,0.2,0.25,0.3,1.0,0.3
3,0.30156250000000007,0.3980468749999999,0.24492187500000004,0.35234375000000007,0.201171875,0.201171875,0.3046875,0.15117187499999998,0.201171875,0.20429687500000002,0.2496093750000001,0.2011718750000001,0.22539062500000004,0.2000000000000001,0.283203125,0.1511718750000001,0.29999999999999993,0.23437499999999997,0.41015625,0.27851562500000004,12.0,-0.8,20.0,0.2,0.25,0.3,1.0,0.3
4,0.201171875,0.28984375000000007,0.26445312500000007,0.30703124999999987,0.3207031250000001,0.3054687500000002,0.31367187500000004,0.30000000000000004,0.20117187500000008,0.21914062500000006,0.21601562500000013,0.24101562500000004,0.15117187499999998,0.20078125,0.20195312500000007,0.28789062500000007,0.15156250000000002,0.24492187500000004,0.26875000000000004,0.29179687499999996,12.0,-0.8,20.0,0.2,0.25,0.3,1.0,0.3
5,0.29999999999999993,0.250390625,0.468359375,0.250390625,0.250390625,0.39335937499999996,0.35195312499999987,0.250390625,0.44843749999999993,0.23671874999999995,0.31796875,0.250390625,0.25117187500000004,0.39921874999999996,0.30742187500000007,0.250390625,0.250390625,0.349609375,0.3,0.3,12.0,-0.8,20.0,0.21,0.25,0.3,1.0,0.3
6,0.32343749999999993,0.23867187499999998,0.15117187499999998,0.2777343750000001,0.27578125,0.27812499999999996,0.2566406250000002,0.29843750000000013,0.162109375,0.2007812500000001,0.2945312499999999,0.2523437500000002,0.24960937499999997,0.22539062499999998,0.15156250000000002,0.265625,0.29453125000000013,0.2503906250000001,0.22070312500000008,0.3398437499999999,12.0,-0.8,20.0,0.21,0.25,0.3,1.0,0.3
7,0.198828125,0.34453124999999996,0.314453125,0.15117187499999998,0.2484375,0.15703124999999998,0.3246093750000001,0.2027343750000001,0.24999999999999997,0.29960937499999996,0.15156250000000002,0.28007812500000007,0.3644531249999998,0.22734374999999998,0.21523437500000012,0.15156250000000002,0.39453125,0.20117187499999997,0.24648437500000006,0.2656250000000001,12.0,-0.8,20.0,0.21,0.25,0.3,1.0,0.3
8,0.21953125000000004,0.288671875,0.29960937500000007,0.4218749999999999,0.28593749999999996,0.155859375,0.201171875,0.3242187500000001,0.22929687500000004,0.20078125,0.349609375,0.43359375,0.293359375,0.20664062500000013,0.3492187499999999,0.2558593750000001,0.33125000000000004,0.32578125,0.3492187499999999,0.22539062500000004,12.0,-0.8,20.0,0.21,0.25,0.3,1.0,0.3
9,0.1511718750000001,0.24414062499999997,0.2503906250000001,0.15976562499999994,0.1515625,0.15117187499999998,0.21914062499999995,0.39765625000000004,0.40859374999999987,0.21718750000000006,0.2476562500000001,0.18828124999999998,0.21601562500000016,0.22343750000000004,0.2378906250000001,0.20039062500000013,0.20117187500000008,0.24960937499999997,0.3460937500000002,0.20117187499999997,12.0,-0.8,20.0,0.21,0.25,0.3,1.0,0.3
10,0.17656249999999996,0.231640625,0.26640625000000007,0.1519531250000001,0.226171875,0.199609375,0.201171875,0.29414062500000004,0.17851562499999998,0.29921875,0.24999999999999994,0.20507812500000008,0.23125000000000015,0.17890625,0.23671875000000006,0.27070312500000016,0.22968750000000002,0.11367187499999995,0.19726562500000008,0.2156250000000001,12.0,-0.8,20.0,0.22,0.25,0.3,1.0,0.3
11,0.191796875,0.15117187499999998,0.208203125,0.14726562499999998,0.38124999999999987,0.200390625,0.29414062499999993,0.36992187499999984,0.3125000000000002,0.3308593750000002,0.15703124999999998,0.24843750000000017,0.24570312500000005,0.20039062500000013,0.20039062500000013,0.3187500000000001,0.29999999999999993,0.206640625,0.25234375,0.34882812500000004,12.0,-0.8,20.0,0.22,0.25,0.3,1.0,0.3
12,0.28515625,0.15156250000000007,0.24414062500000008,0.2503906250000001,0.34101562500000004,0.175390625,0.15156250000000002,0.328125,0.2316406249999999,0.3238281249999999,0.2710937499999999,0.284765625,0.2757812500000001,0.18398437500000006,0.2199218749999999,0.17421875000000012,0.27656250000000004,0.2257812500000001,0.2250000000000001,0.1515625,12.0,-0.8,20.0,0.22,0.25,0.3,1.0,0.3
13,0.12304687499999997,0.16679687499999998,0.24804687500000008,0.15117187499999998,0.16015625000000003,0.15624999999999997,0.20312500000000006,0.263671875,0.22539062499999998,0.2636718750000001,0.35273437500000004,0.18085937500000013,0.15078125000000012,0.21796875000000002,0.25390625,0.26835937500000007,0.30078125,0.1515625,0.259765625,0.2617187500000001,12.0,-0.8,20.0,0.22,0.25,0.3,1.0,0.3
14,0.26914062500000013,0.3148437500000001,0.21171875000000004,0.3046875,0.15156250000000002,0.31679687499999987,0.21367187499999996,0.2375,0.12968750000000004,0.21093750000000014,0.32500000000000007,0.2714843750000001,0.20078125000000013,0.2777343750000001,0.2378906250000001,0.19999999999999998,0.2789062499999998,0.18828124999999987,0.23828124999999994,0.15429687499999997,12.0,-0.8,20.0,0.22,0.25,0.3,1.0,0.3
15,0.32695312500000007,0.276953125,0.284765625,0.3062499999999999,0.30351562499999996,0.320703125,0.340234375,0.43359375,0.32734374999999993,0.33515625000000016,0.321875,0.20312500000000008,0.23359375000000002,0.2949218750000001,0.28515625,0.388671875,0.250390625,0.250390625,0.3570312499999999,0.20078125,12.0,-0.8,20.0,0.23,0.25,0.3,1.0,0.3
16,0.25273437499999984,0.1644531249999999,0.17734375,0.20195312500000012,0.21992187500000013,0.27070312500000004,0.4527343749999999,0.2312500000000001,0.25507812500000016,0.12617187499999996,0.23359375000000013,0.2957031250000002,0.29453125,0.15273437499999998,0.27656250000000004,0.24179687500000005,0.21914062500000006,0.1875000000000001,0.1515625,0.15156250000000002,12.0,-0.8,20.0,0.23,0.25,0.3,1.0,0.3
17,0.20976562500000004,0.23359375000000002,0.21679687500000003,0.3320312499999999,0.2089843750000001,0.20078125,0.34687500000000016,0.375,0.24960937499999986,0.19023437499999998,0.269921875,0.2496093750000001,0.28437500000000004,0.29140624999999987,0.37382812500000007,0.15117187499999998,0.2066406250000001,0.33632812499999987,0.2734375,0.2007812500000001,12.0,-0.8,20.0,0.23,0.25,0.3,1.0,0.3
18,0.228125,0.26640624999999996,0.18515625000000005,0.24453125000000003,0.20039062500000013,0.21523437500000006,0.21406250000000002,0.15156250000000013,0.328515625,0.17578125,0.330078125,0.2085937500000001,0.326171875,0.2539062499999999,0.3175781249999998,0.10156249999999997,0.33437499999999987,0.2007812500000001,0.15117187499999998,0.3695312500000002,12.0,-0.8,20.0,0.23,0.25,0.3,1.0,0.3
19,0.28398437499999996,0.20078125,0.37773437499999984,0.30585937499999993,0.28789062500000007,0.20078125,0.292578125,0.29804687500000004,0.394921875,0.20078125,0.391015625,0.27070312499999993,0.3421875,0.20078125,0.25078124999999996,0.20078125,0.20078125,0.347265625,0.398828125,0.4585937499999999,12.0,-0.8,20.0,0.23,0.25,0.3,1.0,0.3
20,0.43476562499999993,0.30937500000000007,0.24960937499999997,0.2500000000000001,0.15156250000000002,0.202734375,0.291015625,0.2503906250000001,0.3300781249999999,0.33359375,0.201171875,0.21914062500000012,0.29960937499999996,0.34062500000000007,0.37734375,0.201171875,0.31328124999999996,0.425390625,0.3691406249999998,0.15117187499999998,12.0,-0.8,20.0,0.24,0.25,0.3,1.0,0.3
21,0.27265625000000004,0.31718749999999996,0.13359374999999996,0.2328125,0.35820312500000007,0.323828125,0.23085937500000006,0.2621093750000001,0.32343750000000004,0.28398437500000007,0.2574218749999999,0.226171875,0.22460937499999997,0.23320312499999996,0.298828125,0.1515625,0.3109375,0.169921875,0.3374999999999998,0.281640625,12.0,-0.8,20.0,0.24,0.25,0.3,1.0,0.3
22,0.15117187499999998,0.2914062500000001,0.336328125,0.3183593750000001,0.3453125,0.25078125000000007,0.3812500000000001,0.22421875,0.20078125,0.33828125,0.2496093750000001,0.32695312500000007,0.34921875,0.2246093750000002,0.275,0.26289062499999993,0.16289062499999998,0.29960937499999996,0.2718750000000002,0.36875000000000013,12.0,-0.8,20.0,0.24,0.25,0.3,1.0,0.3
23,0.1515625,0.31992187500000013,0.2984375,0.22734375000000015,0.2796875000000001,0.28203124999999996,0.169921875,0.2910156250000001,0.366796875,0.3046875000000001,0.16328124999999996,0.24531250000000002,0.15156250000000002,0.2640625,0.20820312500000002,0.24999999999999997,0.15117187499999998,0.23476562499999998,0.25234375,0.31914062500000007,12.0,-0.8,20.0,0.24,0.25,0.3,1.0,0.3
24,0.19335937500000003,0.22460937500000008,0.11679687500000002,0.23515624999999998,0.28789062500000007,0.24062499999999998,0.24531250000000002,0.151953125,0.1515625,0.23398437500000008,0.32187500000000013,0.151953125,0.1515625,0.33710937500000016,0.24218749999999997,0.15195312500000002,0.17695312499999996,0.2972656250000001,0.19999999999999987,0.2640625,12.0,-0.8,20.0,0.24,0.25,0.3,1.0,0.3
25,0.28398437500000007,0.40703125000000007,0.2476562500000001,0.181640625,0.2476562500000001,0.21914062500000006,0.26484375000000016,0.15156250000000002,0.232421875,0.20781250000000007,0.23125,0.3339843750000001,0.19609374999999998,0.32187500000000013,0.26679687499999993,0.2117187500000001,0.25312500000000016,0.3109375,0.23242187499999997,0.2500000000000001,12.0,-0.8,20.0,0.25,0.25,0.3,1.0,0.3
26,0.285546875,0.31171875000000027,0.4140624999999999,0.312890625,0.237890625,0.38359375000000007,0.20078125,0.230078125,0.32109374999999996,0.383203125,0.2503906250000001,0.43085937499999993,0.19804687499999998,0.31914062500000007,0.30000000000000004,0.316015625,0.21914062500000006,0.3414062499999999,0.34882812500000004,0.30976562500000004,12.0,-0.8,20.0,0.25,0.25,0.3,1.0,0.3
27,0.3382812500000001,0.15117187499999998,0.4515625000000001,0.2199218750000001,0.2695312499999999,0.33124999999999993,0.2777343750000001,0.351171875,0.29921875,0.38828125,0.2832031250000001,0.276953125,0.2875,0.3906249999999999,0.31523437499999984,0.25742187500000013,0.38945312499999984,0.275390625,0.2992187500000001,0.23125000000000007,12.0,-0.8,20.0,0.25,0.25,0.3,1.0,0.3
28,0.15117187499999998,0.24375,0.21328125,0.318359375,0.3671874999999999,0.25078124999999996,0.31523437499999996,0.20078125,0.2812500000000001,0.15117187499999998,0.2500000000000001,0.34726562500000013,0.250390625,0.2812500000000001,0.3417968749999999,0.36210937499999973,0.28828125000000004,0.28789062500000007,0.3480468750000001,0.25468749999999996,12.0,-0.8,20.0,0.25,0.25,0.3,1.0,0.3
29,0.1515625,0.27031249999999996,0.31406250000000013,0.15117187499999998,0.37734375,0.26445312499999996,0.25312500000000016,0.2578125,0.2605468750000002,0.24218749999999997,0.262109375,0.277734375,0.20078125,0.31367187500000004,0.15117187499999998,0.20625,0.3335937499999999,0.26601562499999987,0.3242187499999999,0.20039062500000013,12.0,-0.8,20.0,0.25,0.25,0.3,1.0,0.3
30,0.24999999999999997,0.201171875,0.201171875,0.37578124999999973,0.3085937500000001,0.201171875,0.3164062499999999,0.20117187499999997,0.279296875,0.30000000000000004,0.4378906250000001,0.3890625000000002,0.29960937499999996,0.32499999999999996,0.3492187499999999,0.30000000000000004,0.2500000000000001,0.3570312499999999,0.3242187500000001,0.36953125,12.0,-0.8,20.0,0.26,0.25,0.3,1.0,0.3
31,0.27460937500000004,0.2125,0.30234375,0.20078125,0.40703124999999984,0.20078125,0.2500000000000001,0.32460937499999987,0.35078124999999993,0.2695312500000001,0.22499999999999998,0.41640625,0.34921875,0.29960937500000007,0.3847656249999999,0.250390625,0.2992187500000001,0.38359374999999984,0.3222656250000001,0.20078125,12.0,-0.8,20.0,0.26,0.25,0.3,1.0,0.3
32,0.275390625,0.355859375,0.283203125,0.16289062499999998,0.201171875,0.25390625,0.4027343750000003,0.15117187499999998,0.28867187500000013,0.324609375,0.28437499999999993,0.201171875,0.26289062499999993,0.344140625,0.34882812499999993,0.257421875,0.281640625,0.324609375,0.22617187499999997,0.3984374999999999,12.0,-0.8,20.0,0.26,0.25,0.3,1.0,0.3
33,0.23828125000000008,0.303125,0.330078125,0.21171874999999998,0.29921875,0.26289062500000004,0.285546875,0.22539062500000015,0.27656249999999993,0.26289062500000004,0.22304687500000006,0.275390625,0.23515625000000015,0.32109374999999996,0.27421875000000007,0.37343749999999987,0.31953125000000004,0.20078125,0.4175781249999999,0.2125,12.0,-0.8,20.0,0.26,0.25,0.3,1.0,0.3
34,0.32929687500000004,0.383203125,0.28398437499999996,0.31796875,0.20078125,0.435546875,0.36015625000000007,0.3578125000000001,0.250390625,0.3121093749999999,0.32109374999999996,0.37382812499999996,0.25078125000000007,0.20625,0.29960937499999996,0.3492187499999999,0.328125,0.2503906250000001,0.28789062499999996,0.250390625,12.0,-0.8,20.0,0.26,0.25,0.3,1.0,0.3
35,0.2105468750000001,0.183203125,0.20585937499999998,0.21679687500000003,0.209765625,0.20195312499999998,0.35820312500000007,0.23242187500000003,0.32304687500000007,0.20117187499999997,0.2695312500000001,0.3062499999999999,0.19492187500000005,0.2500000000000001,0.20117187499999997,0.36796874999999984,0.21718749999999998,0.15156250000000002,0.191015625,0.38007812499999993,12.0,-0.8,20.0,0.27,0.25,0.3,1.0,0.3
36,0.3296874999999999,0.3011718750000001,0.296875,0.32109375000000007,0.30000000000000004,0.32148437499999993,0.3500000000000002,0.334375,0.201171875,0.23515625,0.2007812500000001,0.366796875,0.281640625,0.33554687500000013,0.2500000000000001,0.281640625,0.30781249999999993,0.20117187499999997,0.43085937500000004,0.37382812499999996,12.0,-0.8,20.0,0.27,0.25,0.3,1.0,0.3
37,0.281640625,0.38984374999999993,0.4242187500000001,0.32656249999999987,0.20078125,0.29843750000000013,0.20078125,0.32421875,0.472265625,0.3136718749999998,0.3828125,0.24296875000000004,0.28398437500000007,0.20078125,0.4644531249999999,0.251953125,0.398828125,0.34843749999999996,0.2851562500000001,0.30585937500000004,12.0,-0.8,20.0,0.27,0.25,0.3,1.0,0.3
38,0.33710937499999993,0.433984375,0.3320312499999999,0.22539062500000004,0.43984374999999987,0.29960937500000007,0.250390625,0.3324218750000001,0.24570312500000005,0.15117187499999998,0.27421875000000007,0.2500000000000001,0.52265625,0.29960937500000007,0.39921875000000007,0.201171875,0.207421875,0.201171875,0.28359375,0.201171875,12.0,-0.8,20.0,0.27,0.25,0.3,1.0,0.3
39,0.20937500000000006,0.32578125,0.2796875,0.27578125,0.15156250000000002,0.24218750000000006,0.4316406249999999,0.24492187499999993,0.20742187500000006,0.15117187499999998,0.13828125,0.3398437499999999,0.3765625,0.20117187500000008,0.2183593750000001,0.34101562499999993,0.15117187499999998,0.15312499999999998,0.25703125000000004,0.22421875000000002,12.0,-0.8,20.0,0.27,0.25,0.3,1.0,0.3
40,0.29023437499999993,0.2503906250000001,0.28789062500000007,0.3351562499999998,0.21914062500000006,0.38554687499999996,0.18984375,0.265625,0.43125,0.2500000000000001,0.294921875,0.20117187499999997,0.2640625000000001,0.2015625,0.23750000000000013,0.3226562500000001,0.17499999999999996,0.175390625,0.15117187499999998,0.3027343750000001,12.0,-0.8,20.0,0.28,0.25,0.3,1.0,0.3
41,0.21367187500000015,0.15156250000000002,0.26796875,0.2925781249999999,0.2671875,0.253515625,0.32734375000000004,0.328125,0.323828125,0.191796875,0.3203125,0.20039062500000013,0.19296875000000002,0.18281250000000002,0.2437500000000001,0.3113281250000002,0.29023437500000004,0.2867187499999999,0.20078125,0.21757812499999998,12.0,-0.8,20.0,0.28,0.25,0.3,1.0,0.3
42,0.26874999999999993,0.38046875,0.4046875000000001,0.24843749999999998,0.362890625,0.2515625,0.28789062499999996,0.37343749999999987,0.34843750000000007,0.32734375000000004,0.22851562499999997,0.33046874999999987,0.20312499999999997,0.29804687500000004,0.36328125,0.3964843749999999,0.29999999999999993,0.23203125,0.25273437500000007,0.33359375,12.0,-0.8,20.0,0.28,0.25,0.3,1.0,0.3
43,0.3734375000000001,0.2500000000000001,0.3492187499999999,0.21328125000000006,0.20078125,0.3984375,0.20078125,0.33515624999999993,0.380859375,0.2875,0.38164062500000007,0.32890624999999996,0.2867187499999999,0.34882812500000004,0.419921875,0.39726562500000007,0.2875,0.296875,0.33984375,0.25859375000000007,12.0,-0.8,20.0,0.28,0.25,0.3,1.0,0.3
44,0.28242187500000004,0.15117187499999998,0.25312500000000004,0.37578124999999996,0.3031250000000001,0.283203125,0.375390625,0.30000000000000004,0.2968750000000001,0.4343750000000003,0.15117187499999998,0.25117187499999993,0.39296875,0.26914062500000013,0.34375,0.28203125000000007,0.15117187499999998,0.201171875,0.201171875,0.312109375,12.0,-0.8,20.0,0.28,0.25,0.3,1.0,0.3
45,0.33671874999999996,0.3285156250000001,0.36445312499999993,0.324609375,0.36562499999999987,0.32148437499999993,0.29960937500000007,0.2503906250000001,0.3296874999999999,0.396875,0.3808593749999999,0.39960937499999993,0.312890625,0.25312499999999993,0.2992187500000001,0.388671875,0.40742187500000004,0.20078125,0.20078125,0.26445312499999996,12.0,-0.8,20.0,0.29,0.25,0.3,1.0,0.3
46,0.3785156249999999,0.38164062499999996,0.2871093750000001,0.33124999999999993,0.2992187500000001,0.41132812500000004,0.28007812500000007,0.2500000000000001,0.33281249999999996,0.27656250000000004,0.2007812500000001,0.35703125,0.2640625000000001,0.20078125,0.422265625,0.4570312499999999,0.34062499999999996,0.29960937500000007,0.324609375,0.23984375,12.0,-0.8,20.0,0.29,0.25,0.3,1.0,0.3
47,0.20195312499999998,0.27617187499999996,0.16953125,0.15117187499999998,0.312890625,0.339453125,0.17656250000000004,0.369140625,0.2515625,0.3667968749999999,0.2519531250000001,0.205078125,0.24960937499999997,0.21523437499999998,0.31796875,0.20117187499999997,0.38984375000000016,0.275,0.28671875,0.2355468749999999,12.0,-0.8,20.0,0.29,0.25,0.3,1.0,0.3
48,0.3406250000000002,0.3531249999999999,0.15156250000000002,0.15117187499999998,0.29960937500000007,0.279296875,0.15117187499999998,0.19999999999999998,0.3199218749999999,0.24609374999999997,0.37421875000000004,0.2968750000000001,0.2812500000000001,0.275390625,0.32265625,0.2109375,0.18749999999999997,0.33671875000000007,0.30000000000000004,0.296484375,12.0,-0.8,20.0,0.29,0.25,0.3,1.0,0.3
49,0.355859375,0.42851562499999996,0.22539062499999998,0.20078125,0.35,0.2992187500000001,0.4210937499999998,0.20078125,0.305078125,0.3613281250000001,0.4023437499999999,0.2890625,0.22500000000000006,0.27617187500000007,0.37187499999999996,0.314453125,0.4453124999999999,0.34765625,0.32343750000000004,0.250390625,12.0,-0.8,20.0,0.29,0.25,0.3,1.0,0.3
50,0.3183593750000001,0.25664062499999996,0.239453125,0.3980468749999999,0.34921875,0.29921875,0.34296875000000004,0.3847656249999999,0.250390625,0.237890625,0.3121093749999999,0.496484375,0.24999999999999997,0.2503906250000001,0.30000000000000004,0.15117187499999998,0.29921875,0.33710937499999993,0.204296875,0.3484375000000002,12.0,-0.8,20.0,0.3,0.25,0.3,1.0,0.3
51,0.362890625,0.2558593750000001,0.330078125,0.33710937500000004,0.288671875,0.336328125,0.250390625,0.2796875,0.43828125000000007,0.20078125,0.29960937500000007,0.4058593749999999,0.3765624999999999,0.3320312499999999,0.33320312499999993,0.250390625,0.3125,0.2992187500000001,0.33906249999999993,0.33320312499999993,12.0,-0.8,20.0,0.3,0.25,0.3,1.0,0.3
52,0.29218749999999993,0.15117187499999998,0.2503906250000001,0.2953125,0.34453124999999996,0.3652343750000001,0.3558593750000001,0.15117187499999998,0.2324218750000001,0.2601562500000001,0.15351562499999996,0.27031249999999984,0.2500000000000001,0.3613281250000001,0.3492187499999999,0.3453124999999999,0.24492187499999996,0.26484375000000004,0.17578125,0.341796875,12.0,-0.8,20.0,0.3,0.25,0.3,1.0,0.3
53,0.204296875,0.3265625,0.32148437499999993,0.37617187500000004,0.31132812499999996,0.3187500000000001,0.20078125,0.40234375,0.32421875,0.250390625,0.32148437500000004,0.42500000000000004,0.250390625,0.34921875,0.405859375,0.3203125,0.34062500000000007,0.46015624999999993,0.250390625,0.4906250000000001,12.0,-0.8,20.0,0.3,0.25,0.3,1.0,0.3
54,0.26640625000000007,0.284765625,0.2503906250000001,0.3359374999999999,0.201171875,0.201171875,0.267578125,0.201171875,0.31914062499999984,0.39960937499999993,0.3242187500000001,0.32499999999999996,0.15117187499999998,0.38046875,0.3984375000000002,0.2500000000000001,0.290625,0.34375,0.2500000000000001,0.201171875,12.0,-0.8,20.0,0.3,0.25,0.3,1.0,0.3
55,0.34140625,0.33085937500000007,0.201171875,0.28593749999999996,0.41093750000000007,0.40117187500000007,0.4921874999999999,0.2835937500000001,0.3363281250000001,0.3472656249999999,0.2992187500000001,0.28789062500000007,0.201171875,0.31523437500000007,0.26289062500000004,0.36171875,0.3109375000000001,0.4042968750000001,0.250390625,0.20078125,12.0,-0.8,20.0,0.31,0.25,0.3,1.0,0.3
56,0.359375,0.3378906249999999,0.3847656249999999,0.38398437499999993,0.29804687499999993,0.20078125,0.3449218749999998,0.28359375,0.2992187500000001,0.29570312499999996,0.293359375,0.414453125,0.32304687500000007,0.3749999999999999,0.21328125,0.4023437499999999,0.20078125,0.2500000000000001,0.40703124999999996,0.250390625,12.0,-0.8,20.0,0.31,0.25,0.3,1.0,0.3
57,0.4058593749999999,0.39726562500000007,0.4484374999999998,0.33085937499999996,0.33124999999999993,0.46210937499999993,0.43437500000000007,0.4218750000000001,0.34648437500000007,0.20078125,0.5441406250000002,0.32539062499999993,0.353125,0.29999999999999993,0.250390625,0.24453124999999995,0.336328125,0.374609375,0.29960937500000007,0.42031249999999987,12.0,-0.8,20.0,0.31,0.25,0.3,1.0,0.3
58,0.18828124999999998,0.4417968750000001,0.39296875,0.20078125,0.33046875,0.33281250000000007,0.20078125,0.390234375,0.2503906250000001,0.41328125000000004,0.27421875000000007,0.31953125000000004,0.4492187500000002,0.34023437499999987,0.2500000000000001,0.3003906249999999,0.38945312500000007,0.3535156249999999,0.40351562499999993,0.4234375,12.0,-0.8,20.0,0.31,0.25,0.3,1.0,0.3
59,0.32578125,0.283203125,0.34062499999999996,0.36953125,0.161328125,0.26640624999999996,0.201171875,0.15117187499999998,0.39921874999999996,0.3535156249999999,0.2910156250000001,0.201171875,0.305078125,0.226171875,0.29374999999999996,0.30000000000000004,0.24999999999999986,0.284765625,0.2835937500000001,0.47343750000000007,12.0,-0.8,20.0,0.31,0.25,0.3,1.0,0.3
60,0.398828125,0.176171875,0.343359375,0.3085937499999999,0.353125,0.36875000000000013,0.24843749999999998,0.34296875000000004,0.29414062499999993,0.20078125,0.2992187500000001,0.22499999999999998,0.39726562499999996,0.38554687499999984,0.2500000000000001,0.42499999999999993,0.2500000000000001,0.2125000000000001,0.3496093749999999,0.4042968749999999,12.0,-0.8,20.0,0.32,0.25,0.3,1.0,0.3
61,0.25078125000000007,0.34492187499999993,0.4277343749999999,0.2503906250000001,0.25078125000000007,0.23046874999999997,0.30000000000000016,0.2894531250000001,0.207421875,0.3652343749999999,0.3453124999999999,0.312109375,0.2414062499999999,0.21992187500000004,0.15781249999999997,0.237890625,0.25742187500000013,0.2777343750000001,0.32695312499999984,0.339453125,12.0,-0.8,20.0,0.32,0.25,0.3,1.0,0.3
62,0.29960937499999996,0.3609375,0.2125,0.31796875,0.4027343750000001,0.33124999999999993,0.22578125,0.331640625,0.25742187500000013,0.27812500000000007,0.37968750000000007,0.35781249999999987,0.3226562500000001,0.20078125,0.30000000000000004,0.405859375,0.29960937500000007,0.3765624999999999,0.36171874999999987,0.250390625,12.0,-0.8,20.0,0.32,0.25,0.3,1.0,0.3
63,0.32109374999999996,0.24843750000000006,0.201171875,0.5054687500000002,0.40117187500000007,0.28632812499999993,0.28281250000000013,0.3050781250000001,0.2503906250000001,0.2007812500000001,0.2949218750000001,0.43984374999999987,0.20078125,0.363671875,0.2984375,0.3097656249999998,0.35273437500000004,0.306640625,0.2972656250000001,0.20078125,12.0,-0.8,20.0,0.32,0.25,0.3,1.0,0.3
64,0.22539062500000004,0.384765625,0.31015625,0.201171875,0.36679687500000013,0.30000000000000004,0.23164062500000002,0.23749999999999996,0.3125,0.33125000000000016,0.33476562499999996,0.15117187499999998,0.3785156249999999,0.2125,0.3437499999999999,0.20078125,0.28125,0.19414062499999998,0.3578125000000001,0.20078125,12.0,-0.8,20.0,0.32,0.25,0.3,1.0,0.3
65,0.30351562499999996,0.37578125000000007,0.20078125,0.4203125,0.3628906249999999,0.36054687500000004,0.31132812499999996,0.20156250000000006,0.327734375,0.371484375,0.3320312500000001,0.340234375,0.2972656250000001,0.31132812499999996,0.3960937499999998,0.20078125,0.3492187499999999,0.3082031249999999,0.3671875,0.29999999999999993,12.0,-0.8,20.0,0.33,0.25,0.3,1.0,0.3
66,0.36835937499999993,0.20078125,0.19101562499999994,0.284765625,0.31953125000000004,0.25273437500000007,0.4292968749999999,0.3746093749999999,0.361328125,0.2500000000000001,0.3375,0.2640625,0.2062500000000001,0.31015625,0.21601562500000013,0.33671875000000007,0.34296874999999993,0.28007812499999996,0.34375,0.250390625,12.0,-0.8,20.0,0.33,0.25,0.3,1.0,0.3
67,0.4589843749999999,0.34453124999999996,0.23867187499999995,0.3750000000000001,0.20078125,0.41796875,0.29960937500000007,0.250390625,0.30937499999999996,0.31171874999999993,0.4535156250000002,0.35546875,0.280859375,0.3375,0.38359375000000007,0.31992187500000013,0.24921875,0.302734375,0.32148437499999993,0.366796875,12.0,-0.8,20.0,0.33,0.25,0.3,1.0,0.3
68,0.3281249999999999,0.32499999999999996,0.334375,0.20078125,0.45390624999999996,0.4179687500000002,0.33515625000000004,0.3378906249999999,0.2992187500000001,0.20078125,0.2699218750000001,0.4101562499999999,0.32539062499999993,0.32109374999999996,0.33085937500000007,0.20078125,0.36171875,0.35820312499999996,0.2503906250000001,0.4562499999999998,12.0,-0.8,20.0,0.33,0.25,0.3,1.0,0.3
69,0.201171875,0.2988281250000001,0.4140624999999999,0.36328125,0.20078125,0.37734375,0.34492187499999993,0.20078125,0.384375,0.20078125,0.4355468750000001,0.3578125,0.250390625,0.29960937500000007,0.314453125,0.2753906249999999,0.29960937500000007,0.20078125,0.3773437500000001,0.459375,12.0,-0.8,20.0,0.33,0.25,0.3,1.0,0.3
70,0.4332031249999999,0.39335937499999996,0.374609375,0.345703125,0.24843749999999998,0.374609375,0.29570312500000007,0.4214843749999999,0.37617187500000004,0.37421875000000004,0.30351562499999996,0.349609375,0.251953125,0.44843750000000004,0.29999999999999993,0.343359375,0.20078125,0.30000000000000004,0.43671874999999993,0.34921875,12.0,-0.8,20.0,0.34,0.25,0.3,1.0,0.3
71,0.41289062500000007,0.2500000000000001,0.2855468750000001,0.36249999999999993,0.39374999999999993,0.3960937499999999,0.34921875,0.3062499999999999,0.250390625,0.30781249999999993,0.376953125,0.36015625000000007,0.410546875,0.24999999999999997,0.4234375,0.444921875,0.37617187500000004,0.20312499999999997,0.39453125,0.39921874999999996,12.0,-0.8,20.0,0.34,0.25,0.3,1.0,0.3
72,0.32343749999999993,0.20078125,0.32890624999999996,0.2500000000000001,0.32734374999999993,0.31953125000000004,0.34882812500000004,0.322265625,0.433203125,0.3316406249999999,0.37929687499999987,0.40507812499999996,0.25507812500000004,0.20078125,0.302734375,0.38984374999999993,0.20078125,0.48515625000000007,0.20078125,0.29960937500000007,12.0,-0.8,20.0,0.34,0.25,0.3,1.0,0.3
73,0.26445312500000007,0.2500000000000001,0.3125,0.4261718750000001,0.302734375,0.294921875,0.201171875,0.4343750000000002,0.3523437500000002,0.2875000000000001,0.31914062500000007,0.3003906249999999,0.39375000000000004,0.26796875,0.27851562500000004,0.374609375,0.36171875,0.20078125,0.31914062499999996,0.31953124999999993,12.0,-0.8,20.0,0.34,0.25,0.3,1.0,0.3
74,0.345703125,0.29960937499999996,0.3824218749999999,0.31914062500000007,0.37226562500000004,0.3265625000000001,0.32890624999999996,0.3921875,0.314453125,0.39765624999999993,0.37421874999999993,0.31718749999999996,0.22539062500000004,0.34062499999999996,0.34687500000000004,0.20078125,0.3906250000000002,0.29960937500000007,0.3027343750000001,0.25117187499999993,12.0,-0.8,20.0,0.34,0.25,0.3,1.0,0.3
75,0.4238281250000001,0.42851562499999996,0.2503906250000001,0.390234375,0.2500000000000001,0.33359375,0.32734374999999993,0.3257812499999999,0.33320312499999993,0.4332031249999999,0.36210937499999996,0.23750000000000002,0.480078125,0.394921875,0.29960937500000007,0.3492187499999998,0.3453125,0.26054687500000007,0.29960937500000007,0.29960937500000007,12.0,-0.8,20.0,0.35,0.25,0.3,1.0,0.3
76,0.38125,0.250390625,0.33320312499999993,0.3277343749999999,0.332421875,0.320703125,0.446875,0.20078125,0.29960937500000007,0.43007812499999987,0.29609374999999993,0.37031250000000004,0.35429687499999996,0.4624999999999999,0.34687500000000004,0.4554687500000001,0.2675781249999999,0.36875,0.30000000000000004,0.30000000000000004,12.0,-0.8,20.0,0.35,0.25,0.3,1.0,0.3
77,0.46328125,0.42695312500000004,0.419921875,0.250390625,0.46367187499999996,0.36445312500000004,0.38164062500000007,0.47929687499999996,0.4453125,0.2500000000000001,0.20078125,0.456640625,0.38203124999999993,0.39960937500000004,0.345703125,0.349609375,0.250390625,0.349609375,0.349609375,0.3,12.0,-0.8,20.0,0.35,0.25,0.3,1.0,0.3
78,0.20078125,0.2503906250000001,0.250390625,0.343359375,0.33710937500000004,0.35546875,0.2500000000000001,0.6242187500000004,0.44882812500000013,0.3257812499999999,0.250390625,0.326171875,0.504296875,0.32539062499999993,0.3999999999999999,0.3609375,0.20625,0.48671874999999987,0.376953125,0.4277343750000001,12.0,-0.8,20.0,0.35,0.25,0.3,1.0,0.3
79,0.3757812500000002,0.201171875,0.3476562499999999,0.231640625,0.201171875,0.201171875,0.330078125,0.33476562499999996,0.32148437499999993,0.29960937500000007,0.37226562500000004,0.349609375,0.3089843750000001,0.32539062499999993,0.25078125000000007,0.351953125,0.298828125,0.34882812500000004,0.3921875,0.29999999999999993,12.0,-0.8,20.0,0.35,0.25,0.3,1.0,0.3
80,0.38828125,0.357421875,0.21171875,0.375,0.464453125,0.437890625,0.3433593749999999,0.306640625,0.2503906250000001,0.3027343749999999,0.22499999999999998,0.44609374999999996,0.351953125,0.4585937499999999,0.29960937500000007,0.312890625,0.349609375,0.29999999999999993,0.47148437499999996,0.29960937500000007,12.0,-0.8,20.0,0.36,0.25,0.3,1.0,0.3
81,0.416015625,0.36249999999999993,0.3593750000000001,0.38671875,0.36250000000000004,0.250390625,0.4078125,0.35078125000000004,0.250390625,0.43046874999999996,0.3765625,0.33515624999999993,0.375,0.375,0.349609375,0.24609374999999997,0.398828125,0.30000000000000004,0.3984375,0.3,12.0,-0.8,20.0,0.36,0.25,0.3,1.0,0.3
82,0.273828125,0.5054687499999999,0.2503906250000001,0.43828124999999996,0.43281249999999993,0.20078125,0.38554687500000007,0.4468749999999999,0.39179687499999993,0.473046875,0.3257812499999999,0.32539062499999993,0.250390625,0.3578125,0.4453125,0.250390625,0.417578125,0.302734375,0.3,0.3,12.0,-0.8,20.0,0.36,0.25,0.3,1.0,0.3
83,0.42656250000000007,0.2500000000000001,0.3257812499999999,0.374609375,0.32499999999999996,0.47421875000000013,0.406640625,0.34882812500000004,0.45976562500000007,0.25859375000000007,0.25507812499999993,0.29999999999999993,0.3578125,0.34882812500000004,0.39140624999999984,0.502734375,0.45390624999999996,0.349609375,0.349609375,0.349609375,12.0,-0.8,20.0,0.36,0.25,0.3,1.0,0.3
84,0.380859375,0.25078124999999996,0.2578125,0.259375,0.25703124999999993,0.2578125,0.30000000000000004,0.29999999999999993,0.540234375,0.340234375,0.35664062499999993,0.341796875,0.349609375,0.250390625,0.3,0.3,0.3,0.3,0.3,0.3,12.0,-0.8,20.0,0.36,0.25,0.3,1.0,0.3
85,0.31562500000000004,0.4609375,0.459375,0.367578125,0.24335937500000007,0.33046874999999987,0.38984375000000004,0.34687500000000004,0.3589843749999999,0.29960937500000007,0.36992187500000007,0.38398437499999993,0.3925781250000001,0.39882812499999987,0.45234375000000004,0.2816406250000001,0.349609375,0.30000000000000004,0.349609375,0.3,12.0,-0.8,20.0,0.37,0.25,0.3,1.0,0.3
86,0.32265624999999987,0.34921875,0.425390625,0.400390625,0.250390625,0.402734375,0.367578125,0.39570312499999993,0.3515625000000001,0.250390625,0.26679687500000004,0.38125,0.26289062499999993,0.4570312500000001,0.37148437499999987,0.29999999999999993,0.43632812499999996,0.250390625,0.47382812499999993,0.250390625,12.0,-0.8,20.0,0.37,0.25,0.3,1.0,0.3
87,0.4097656249999999,0.37109375,0.4453125000000001,0.45585937500000007,0.3257812499999999,0.4007812500000001,0.38945312499999996,0.33710937500000004,0.349609375,0.250390625,0.349609375,0.250390625,0.30000000000000004,0.34140625,0.250390625,0.3480468750000001,0.349609375,0.349609375,0.349609375,0.3,12.0,-0.8,20.0,0.37,0.25,0.3,1.0,0.3
88,0.35,0.35,0.3921875,0.250390625,0.34765625,0.3082031249999999,0.36796874999999996,0.4835937499999998,0.33281249999999996,0.433984375,0.23164062500000002,0.21328125,0.3082031249999999,0.398828125,0.29999999999999993,0.42578125,0.47578125000000004,0.38125,0.425390625,0.3,12.0,-0.8,20.0,0.37,0.25,0.3,1.0,0.3
89,0.3968750000000001,0.20078125,0.33281249999999984,0.5195312500000001,0.3851562500000001,0.3375,0.40078125,0.42851562499999996,0.29960937500000007,0.38554687500000007,0.20078125,0.38203124999999993,0.332421875,0.29999999999999993,0.38203125000000004,0.34921875,0.29999999999999993,0.38125,0.3812500000000001,0.250390625,12.0,-0.8,20.0,0.37,0.25,0.3,1.0,0.3
90,0.20078125,0.3374999999999999,0.29999999999999993,0.33281250000000007,0.31406250000000013,0.40156250000000004,0.4121093750000002,0.3773437500000001,0.32500000000000007,0.332421875,0.441015625,0.20117187499999997,0.2992187500000001,0.2503906250000001,0.20078125,0.34609374999999987,0.38984375000000004,0.437109375,0.34648437499999984,0.20625,12.0,-0.8,20.0,0.38,0.25,0.3,1.0,0.3
91,0.43046874999999996,0.3140624999999999,0.49726562500000004,0.29804687500000004,0.47148437500000007,0.2503906250000001,0.46445312500000013,0.3296875,0.271484375,0.29999999999999993,0.382421875,0.38125,0.30000000000000004,0.41132812499999993,0.4453124999999999,0.250390625,0.34648437499999996,0.3,0.3,0.3,12.0,-0.8,20.0,0.38,0.25,0.3,1.0,0.3
92,0.300390625,0.30585937500000004,0.25078124999999996,0.26054687500000007,0.250390625,0.250390625,0.250390625,0.26289062500000004,0.44609374999999996,0.44453124999999993,0.250390625,0.34921875,0.34921875,0.250390625,0.305078125,0.39921874999999996,0.250390625,0.349609375,0.3,0.3,12.0,-0.8,20.0,0.38,0.25,0.3,1.0,0.3
93,0.33476562499999996,0.42460937499999996,0.34921875,0.29960937500000007,0.3773437500000001,0.32343749999999993,0.43281249999999993,0.48906250000000007,0.3140624999999999,0.374609375,0.4351562499999999,0.2503906250000001,0.34882812500000004,0.38125,0.3847656249999999,0.5546875000000001,0.44257812499999993,0.398828125,0.3,0.3,12.0,-0.8,20.0,0.38,0.25,0.3,1.0,0.3
94,0.29960937500000007,0.3500000000000001,0.33476562499999996,0.29960937500000007,0.601171875,0.349609375,0.3867187500000001,0.33828125,0.3714843750000001,0.3460937500000001,0.20078125,0.26796875,0.34921875,0.335546875,0.34882812500000004,0.33515624999999993,0.3492187499999999,0.3492187499999999,0.38007812499999993,0.29960937500000007,12.0,-0.8,20.0,0.38,0.25,0.3,1.0,0.3
95,0.367578125,0.41132812500000004,0.4359375000000001,0.6222656250000004,0.3765624999999999,0.27421875000000007,0.36445312500000004,0.43085937499999993,0.38749999999999996,0.431640625,0.34375,0.42109374999999993,0.250390625,0.250390625,0.250390625,0.250390625,0.3,0.3,0.3,0.3,12.0,-0.8,20.0,0.39,0.25,0.3,1.0,0.3
96,0.39609375,0.38046875000000013,0.3374999999999999,0.33125000000000004,0.36406250000000007,0.37031250000000004,0.300390625,0.27460937500000004,0.39765625000000004,0.37773437499999996,0.29999999999999993,0.250390625,0.4035156249999998,0.394140625,0.29999999999999993,0.3765625,0.392578125,0.250390625,0.3,0.3,12.0,-0.8,20.0,0.39,0.25,0.3,1.0,0.3
97,0.250390625,0.3296875,0.33125000000000004,0.33671875000000007,0.29414062499999993,0.394921875,0.37773437499999996,0.32499999999999996,0.27734375,0.349609375,0.3,0.349609375,0.3,0.349609375,0.3,0.3,0.3,0.3,0.3,0.3,12.0,-0.8,20.0,0.39,0.25,0.3,1.0,0.3
98,0.35624999999999984,0.47226562500000013,0.31562500000000004,0.32734375000000004,0.3277343749999999,0.32265625,0.4203125,0.321875,0.49101562500000007,0.37031250000000004,0.3421875,0.38046875,0.250390625,0.29414062499999993,0.3999999999999999,0.32890624999999996,0.2503906250000001,0.41249999999999987,0.250390625,0.250390625,12.0,-0.8,20.0,0.39,0.25,0.3,1.0,0.3
99,0.250390625,0.38320312499999987,0.3632812499999999,0.32539062499999993,0.35078124999999993,0.32695312499999996,0.3675781250000001,0.3749999999999999,0.3531249999999999,0.3734375000000001,0.40117187499999996,0.507421875,0.4898437499999999,0.283203125,0.394921875,0.30000000000000004,0.250390625,0.3984375,0.43085937499999993,0.43984375,12.0,-0.8,20.0,0.39,0.25,0.3,1.0,0.3
100,0.34921875,0.483984375,0.35273437500000004,0.365234375,0.35546875,0.36875,0.29960937499999996,0.361328125,0.34101562500000004,0.27460937500000004,0.308984375,0.31328124999999984,0.29999999999999993,0.304296875,0.39374999999999993,0.4351562499999999,0.250390625,0.30000000000000004,0.34492187500000004,0.3,12.0,-0.8,20.0,0.4,0.25,0.3,1.0,0.3
101,0.38124999999999987,0.20078125,0.43281250000000004,0.4195312499999999,0.32265625,0.4375000000000002,0.529296875,0.32539062499999993,0.250390625,0.37421874999999993,0.4476562500000002,0.38398437500000004,0.4296874999999999,0.43828124999999996,0.3070312500000001,0.34843749999999996,0.3,0.3,0.3,0.3,12.0,-0.8,20.0,0.4,0.25,0.3,1.0,0.3
102,0.4203125,0.4980468749999999,0.31484375,0.503125,0.3082031249999999,0.47382812500000004,0.41835937499999987,0.4042968749999999,0.349609375,0.42421875,0.3734375,0.250390625,0.349609375,0.3,0.3,0.3,0.3,0.3,0.3,0.3,12.0,-0.8,20.0,0.4,0.25,0.3,1.0,0.3
103,0.3667968749999999,0.5226562499999999,0.30703124999999987,0.42695312500000004,0.433984375,0.2500000000000001,0.44062500000000004,0.36250000000000004,0.4140625,0.3984374999999999,0.344140625,0.250390625,0.4527343749999999,0.45195312499999996,0.30000000000000004,0.3,0.3,0.3,0.3,0.3,12.0,-0.8,20.0,0.4,0.25,0.3,1.0,0.3
104,0.414453125,0.297265625,0.6863281250000003,0.33281249999999996,0.39335937499999984,0.30351562499999996,0.5511718750000001,0.35,0.43085937499999993,0.37382812499999996,0.39570312500000016,0.31914062499999996,0.20078125,0.398046875,0.3,0.3,0.3,0.3,0.3,0.3,12.0,-0.8,20.0,0.4,0.25,0.3,1.0,0.3
105,0.419921875,0.328515625,0.416015625,0.35585937499999987,0.382421875,0.36445312499999993,0.328125,0.4746093749999999,0.45546875,0.34882812500000004,0.29999999999999993,0.40507812499999996,0.38164062499999984,0.3984375,0.250390625,0.349609375,0.349609375,0.349609375,0.3,0.3,12.0,-0.8,20.0,0.41,0.25,0.3,1.0,0.3
106,0.34882812500000004,0.29960937500000007,0.20078125,0.250390625,0.34921875,0.20078125,0.34492187500000004,0.34882812500000004,0.374609375,0.34101562499999993,0.29960937500000007,0.33281249999999996,0.40234375,0.5042968749999999,0.5125,0.387109375,0.4238281249999999,0.20078125,0.20078125,0.29999999999999993,12.0,-0.8,20.0,0.41,0.25,0.3,1.0,0.3
107,0.47148437500000007,0.36992187499999996,0.33476562499999996,0.47343749999999996,0.38789062500000004,0.437890625,0.2875,0.29960937500000007,0.2875,0.349609375,0.26249999999999996,0.427734375,0.2914062500000001,0.34492187500000004,0.386328125,0.3,0.3,0.3,0.3,0.3,12.0,-0.8,20.0,0.41,0.25,0.3,1.0,0.3
108,0.37226562500000004,0.3820312499999998,0.4378906250000001,0.34882812500000004,0.3207031250000001,0.4296875,0.30000000000000004,0.30000000000000004,0.40937500000000004,0.3746093749999999,0.39921874999999996,0.3808593749999999,0.3597656250000001,0.3375,0.3,0.3,0.3,0.3,0.3,0.3,12.0,-0.8,20.0,0.41,0.25,0.3,1.0,0.3
109,0.40742187499999993,0.5613281250000002,0.3929687500000001,0.5929687500000003,0.43671875000000016,0.5375,0.43437500000000007,0.2503906250000001,0.48320312499999984,0.29999999999999993,0.46328124999999987,0.4488281249999999,0.250390625,0.3,0.3,0.3,0.3,0.3,0.3,0.3,12.0,-0.8,20.0,0.41,0.25,0.3,1.0,0.3
110,0.39375000000000004,0.250390625,0.5320312500000001,0.38164062500000007,0.3359375,0.250390625,0.25625,0.36210937499999996,0.41484374999999996,0.250390625,0.39335937499999996,0.38359375000000007,0.250390625,0.29999999999999993,0.47968749999999993,0.349609375,0.349609375,0.349609375,0.349609375,0.349609375,12.0,-0.8,20.0,0.42,0.25,0.3,1.0,0.3
111,0.3734375,0.421484375,0.42460937500000007,0.34882812499999993,0.35429687499999996,0.33046874999999987,0.3316406249999999,0.29999999999999993,0.250390625,0.478125,0.32539062499999993,0.4453125000000001,0.3984375000000001,0.39570312500000004,0.47773437499999993,0.3808593749999999,0.250390625,0.3,0.3,0.3,12.0,-0.8,20.0,0.42,0.25,0.3,1.0,0.3
112,0.30000000000000004,0.29960937499999996,0.4121093750000001,0.33828124999999987,0.4140625,0.34453125000000007,0.25742187500000013,0.333984375,0.29140625,0.326171875,0.33476562500000007,0.250390625,0.3671874999999999,0.32148437499999993,0.344140625,0.30000000000000004,0.3609374999999999,0.41132812499999993,0.250390625,0.30000000000000004,12.0,-0.8,20.0,0.42,0.25,0.3,1.0,0.3
113,0.40703124999999996,0.4277343749999999,0.2972656250000001,0.43242187500000007,0.58125,0.38984374999999993,0.29999999999999993,0.250390625,0.250390625,0.413671875,0.49335937500000004,0.4925781250000001,0.394921875,0.3125,0.30000000000000004,0.398828125,0.3,0.3,0.3,0.3,12.0,-0.8,20.0,0.42,0.25,0.3,1.0,0.3
114,0.20078125,0.32109374999999996,0.45000000000000007,0.35234374999999996,0.250390625,0.4214843749999999,0.3218749999999999,0.4296874999999999,0.33125000000000004,0.30976562499999993,0.51484375,0.38007812500000016,0.36406249999999996,0.45703125,0.29999999999999993,0.314453125,0.3,0.3,0.3,0.3,12.0,-0.8,20.0,0.42,0.25,0.3,1.0,0.3
115,0.3320312500000001,0.39609375,0.2972656250000001,0.36796875000000007,0.2875,0.46171875000000007,0.2515625,0.31132812499999996,0.45195312500000007,0.45429687500000004,0.40546875000000004,0.41093749999999996,0.367578125,0.36250000000000004,0.4406249999999998,0.349609375,0.3,0.3,0.3,0.3,12.0,-0.8,20.0,0.43,0.25,0.3,1.0,0.3
116,0.4136718749999999,0.4261718750000002,0.43515625,0.45390624999999996,0.47304687499999987,0.38984375000000016,0.3066406249999999,0.37421874999999993,0.324609375,0.40546874999999993,0.4488281249999999,0.38007812500000004,0.3,0.3,0.3,0.3,0.3,0.3,0.3,0.3,12.0,-0.8,20.0,0.43,0.25,0.3,1.0,0.3
117,0.32343749999999993,0.22539062500000004,0.4238281249999999,0.33125000000000004,0.47148437499999996,0.34921875,0.22499999999999998,0.38828125,0.44453125000000004,0.38125,0.5234375,0.3980468749999999,0.250390625,0.421484375,0.250390625,0.43242187499999996,0.3515625,0.5078125,0.3,0.3,12.0,-0.8,20.0,0.43,0.25,0.3,1.0,0.3
118,0.33125000000000004,0.336328125,0.3257812499999999,0.37578124999999996,0.3296874999999999,0.24687500000000004,0.3945312499999999,0.39335937499999996,0.36953125,0.456640625,0.41523437499999993,0.47382812500000004,0.3988281250000001,0.374609375,0.42421875,0.398828125,0.44062499999999993,0.41484374999999996,0.3,0.3,12.0,-0.8,20.0,0.43,0.25,0.3,1.0,0.3
119,0.398828125,0.38164062499999996,0.316796875,0.4414062499999998,0.46953124999999996,0.3375,0.37851562500000013,0.4234375,0.3316406249999999,0.322265625,0.355078125,0.33085937499999996,0.250390625,0.44648437500000004,0.250390625,0.250390625,0.3,0.3,0.3,0.3,12.0,-0.8,20.0,0.43,0.25,0.3,1.0,0.3
120,0.37812499999999993,0.44218750000000007,0.36875,0.40898437500000007,0.3984375000000001,0.3148437500000001,0.36601562500000007,0.3140624999999999,0.5527343750000002,0.460546875,0.250390625,0.39335937499999996,0.250390625,0.42421875,0.250390625,0.250390625,0.3,0.3,0.3,0.3,12.0,-0.8,20.0,0.44,0.25,0.3,1.0,0.3
121,0.42421875,0.29570312499999996,0.3359375,0.4863281250000001,0.5531250000000002,0.38554687499999996,0.2875,0.250390625,0.4359375,0.40898437500000007,0.2875,0.250390625,0.4136718749999999,0.340234375,0.35859375000000004,0.36601562500000007,0.3,0.3,0.3,0.3,12.0,-0.8,20.0,0.44,0.25,0.3,1.0,0.3
122,0.31718749999999996,0.2503906250000001,0.423828125,0.32187500000000013,0.31875,0.41328125000000004,0.4824218750000002,0.34882812500000004,0.37734374999999987,0.34921875,0.34882812500000004,0.5984375000000001,0.3320312499999999,0.505859375,0.42460937499999996,0.250390625,0.3,0.3,0.3,0.3,12.0,-0.8,20.0,0.44,0.25,0.3,1.0,0.3
123,0.48515624999999984,0.46484375,0.3453125,0.4144531250000001,0.2503906250000001,0.312890625,0.42851562500000007,0.45859375,0.3808593749999999,0.4839843749999999,0.42578125,0.29999999999999993,0.3710937500000001,0.29999999999999993,0.32929687500000004,0.42265624999999996,0.30000000000000004,0.3,0.3,0.3,12.0,-0.8,20.0,0.44,0.25,0.3,1.0,0.3
124,0.2503906250000001,0.39531250000000007,0.3320312499999999,0.443359375,0.34921875,0.35546875,0.3257812499999999,0.2503906250000001,0.3515625,0.446875,0.4078125,0.3238281249999999,0.22421875,0.349609375,0.30000000000000004,0.250390625,0.398828125,0.44843749999999993,0.349609375,0.349609375,12.0,-0.8,20.0,0.44,0.25,0.3,1.0,0.3
125,0.446875,0.28789062500000007,0.43867187499999993,0.4058593749999999,0.3691406249999999,0.34921875,0.4878906249999999,0.4125,0.441796875,0.41093749999999996,0.373046875,0.36210937499999996,0.4628906249999999,0.250390625,0.250390625,0.349609375,0.349609375,0.349609375,0.349609375,0.3,12.0,-0.8,20.0,0.45,0.25,0.3,1.0,0.3
126,0.2503906250000001,0.30703124999999987,0.5539062500000002,0.40156249999999993,0.46171875000000007,0.42851562500000007,0.5640624999999999,0.3964843749999999,0.37382812500000007,0.3882812499999999,0.3003906249999999,0.27265625000000004,0.363671875,0.38945312499999996,0.3,0.3,0.3,0.3,0.3,0.3,12.0,-0.8,20.0,0.45,0.25,0.3,1.0,0.3
127,0.4312499999999999,0.5335937500000001,0.28789062499999996,0.483984375,0.31562499999999993,0.328515625,0.5402343750000002,0.41093749999999996,0.5496093750000001,0.20078125,0.37578124999999996,0.41171875,0.250390625,0.34921875,0.3,0.3,0.3,0.3,0.3,0.3,12.0,-0.8,20.0,0.45,0.25,0.3,1.0,0.3
128,0.30703124999999987,0.31953124999999993,0.23749999999999996,0.44414062499999996,0.452734375,0.22499999999999998,0.3714843750000001,0.5148437500000002,0.391015625,0.41328125000000004,0.43085937499999993,0.250390625,0.304296875,0.4621093749999998,0.4488281249999999,0.4488281249999999,0.3,0.3,0.3,0.3,12.0,-0.8,20.0,0.45,0.25,0.3,1.0,0.3
129,0.5300781250000001,0.3261718749999999,0.3496093749999999,0.29179687499999996,0.35,0.3605468749999998,0.4511718749999999,0.31757812499999993,0.34921875,0.4125,0.3941406249999999,0.297265625,0.38554687499999996,0.466796875,0.421875,0.39921874999999996,0.39921874999999996,0.3,0.3,0.3,12.0,-0.8,20.0,0.45,0.25,0.3,1.0,0.3
130,0.38984374999999993,0.53671875,0.4593750000000001,0.4824218749999999,0.44999999999999984,0.29960937500000007,0.445703125,0.30390625000000004,0.349609375,0.348046875,0.250390625,0.4332031249999999,0.38593749999999993,0.43476562499999993,0.32265625,0.3,0.3,0.3,0.3,0.3,12.0,-0.8,20.0,0.46,0.25,0.3,1.0,0.3
131,0.46406249999999993,0.4968750000000002,0.3531249999999999,0.37109375,0.45468750000000024,0.250390625,0.250390625,0.20078125,0.49531250000000027,0.43828124999999996,0.437109375,0.46367187499999996,0.3,0.3,0.3,0.3,0.3,0.3,0.3,0.3,12.0,-0.8,20.0,0.46,0.25,0.3,1.0,0.3
132,0.3515625,0.37382812500000007,0.46484375,0.52265625,0.4539062500000002,0.455078125,0.3257812499999999,0.37812500000000004,0.30976562499999993,0.20078125,0.29999999999999993,0.250390625,0.5375000000000001,0.39921874999999996,0.349609375,0.349609375,0.250390625,0.3,0.3,0.3,12.0,-0.8,20.0,0.46,0.25,0.3,1.0,0.3
133,0.40546875000000004,0.38554687499999996,0.38398437500000016,0.37617187500000004,0.2828125,0.37031250000000004,0.43828124999999996,0.40351562499999993,0.33710937500000004,0.413671875,0.250390625,0.44921875,0.30000000000000004,0.340234375,0.36992187499999996,0.4222656250000001,0.26250000000000007,0.3,0.3,0.3,12.0,-0.8,20.0,0.46,0.25,0.3,1.0,0.3
134,0.4874999999999998,0.557421875,0.404296875,0.386328125,0.34375,0.30351562499999996,0.4898437499999999,0.2875,0.39296875,0.49921874999999993,0.250390625,0.3,0.3,0.3,0.3,0.3,0.3,0.3,0.3,0.3,12.0,-0.8,20.0,0.46,0.25,0.3,1.0,0.3
135,0.4402343750000002,0.36054687499999993,0.524609375,0.47187500000000004,0.45585937499999996,0.44921875,0.446875,0.36835937499999993,0.312109375,0.36250000000000004,0.29999999999999993,0.45859375,0.3,0.3,0.3,0.3,0.3,0.3,0.3,0.3,12.0,-0.8,20.0,0.47,0.25,0.3,1.0,0.3
136,0.514453125,0.5847656250000003,0.41640625,0.4160156249999999,0.30976562499999993,0.30742187499999996,0.51015625,0.40156250000000004,0.39375000000000004,0.349609375,0.349609375,0.37890625,0.29999999999999993,0.39179687499999993,0.3,0.3,0.3,0.3,0.3,0.3,12.0,-0.8,20.0,0.47,0.25,0.3,1.0,0.3
137,0.284765625,0.417578125,0.52421875,0.462890625,0.2847656249999999,0.48164062499999993,0.4003906249999999,0.37265625,0.3531249999999999,0.31523437500000007,0.306640625,0.304296875,0.3,0.3,0.3,0.3,0.3,0.3,0.3,0.3,12.0,-0.8,20.0,0.47,0.25,0.3,1.0,0.3
138,0.42460937500000007,0.35078125000000004,0.44609375000000007,0.451171875,0.376953125,0.37617187500000004,0.45546875,0.292578125,0.29179687499999996,0.416015625,0.44609375000000007,0.4199218749999999,0.36640624999999993,0.250390625,0.39921874999999996,0.39921874999999996,0.3,0.3,0.3,0.3,12.0,-0.8,20.0,0.47,0.25,0.3,1.0,0.3
139,0.33124999999999993,0.43203125,0.44453125000000004,0.37109375,0.4515625,0.42265624999999996,0.4296875000000001,0.250390625,0.38554687500000007,0.30000000000000004,0.30000000000000004,0.250390625,0.46953125000000007,0.45976562499999996,0.349609375,0.349609375,0.349609375,0.3,0.3,0.3,12.0,-0.8,20.0,0.47,0.25,0.3,1.0,0.3
140,0.33320312500000004,0.3671875,0.20078125,0.44218750000000007,0.35624999999999996,0.3046875,0.44609375000000007,0.29374999999999996,0.3968750000000001,0.30000000000000004,0.30000000000000004,0.36875,0.30000000000000004,0.355078125,0.361328125,0.35820312499999996,0.348046875,0.31953124999999993,0.3,0.3,12.0,-0.8,20.0,0.48,0.25,0.3,1.0,0.3
141,0.3203125,0.3863281249999999,0.4566406249999999,0.42499999999999993,0.4929687500000002,0.37890625,0.41328125000000004,0.35820312500000007,0.4125,0.40000000000000013,0.29960937500000007,0.349609375,0.349609375,0.349609375,0.349609375,0.3,0.3,0.3,0.3,0.3,12.0,-0.8,20.0,0.48,0.25,0.3,1.0,0.3
142,0.38593749999999993,0.3046874999999999,0.250390625,0.39726562499999996,0.3890625,0.34687500000000004,0.39335937499999996,0.34687500000000004,0.35,0.34218749999999987,0.305078125,0.3,0.3,0.3,0.3,0.3,0.3,0.3,0.3,0.3,12.0,-0.8,20.0,0.48,0.25,0.3,1.0,0.3
143,0.37812500000000004,0.294921875,0.5300781250000001,0.43867187499999993,0.4960937499999999,0.366796875,0.35,0.453125,0.3984375,0.398828125,0.398828125,0.30000000000000004,0.412109375,0.396484375,0.3,0.3,0.3,0.3,0.3,0.3,12.0,-0.8,20.0,0.48,0.25,0.3,1.0,0.3
144,0.3453125,0.4867187500000001,0.29960937500000007,0.3769531250000001,0.29960937500000007,0.31367187500000004,0.30195312499999993,0.4234375,0.33125000000000004,0.29999999999999993,0.31562500000000004,0.380859375,0.38164062500000007,0.44765625,0.3453125,0.37109375,0.3749999999999999,0.3,0.3,0.3,12.0,-0.8,20.0,0.48,0.25,0.3,1.0,0.3
145,0.423828125,0.48554687500000004,0.46640625,0.35624999999999996,0.44648437500000004,0.34921875,0.3144531249999999,0.46953125000000007,0.3082031249999999,0.4906250000000001,0.34492187500000004,0.3,0.3,0.3,0.3,0.3,0.3,0.3,0.3,0.3,12.0,-0.8,20.0,0.49,0.25,0.3,1.0,0.3
146,0.38945312500000007,0.2753906249999999,0.26054687500000007,0.38593750000000004,0.38984374999999993,0.45078125,0.46132812499999987,0.3667968749999999,0.2503906250000001,0.3804687499999999,0.48359374999999993,0.250390625,0.250390625,0.349609375,0.349609375,0.349609375,0.3,0.3,0.3,0.3,12.0,-0.8,20.0,0.49,0.25,0.3,1.0,0.3
147,0.5148437499999999,0.38554687499999996,0.3773437500000001,0.4,0.468359375,0.3921875,0.25312500000000004,0.36210937500000007,0.44257812500000016,0.33124999999999993,0.343359375,0.5019531249999998,0.34921875,0.250390625,0.349609375,0.250390625,0.349609375,0.349609375,0.3,0.3,12.0,-0.8,20.0,0.49,0.25,0.3,1.0,0.3
148,0.275,0.33125000000000004,0.3734375000000001,0.49921874999999993,0.4390625,0.2875,0.46171874999999996,0.2875,0.38203125000000004,0.37773437499999996,0.3968750000000001,0.365234375,0.3,0.3,0.3,0.3,0.3,0.3,0.3,0.3,12.0,-0.8,20.0,0.49,0.25,0.3,1.0,0.3
149,0.53046875,0.31640625,0.45000000000000007,0.32539062499999993,0.26289062500000004,0.373046875,0.35624999999999996,0.4828125000000001,0.2503906250000001,0.522265625,0.250390625,0.431640625,0.3,0.3,0.3,0.3,0.3,0.3,0.3,0.3,12.0,-0.8,20.0,0.49,0.25,0.3,1.0,0.3
