,Q1,Q2,Q3,Q4,Q5,Q6,Q7,Q8,Q9,Q10,Q11,Q12,Q13,Q14,Q15,Q16,Q17,Q18,Q19,Q20,sim_time,forget_threshold,num_facts,model_sof,c,s,F,t0
0,0.319921875,0.3124999999999999,0.26328125000000024,0.15117187499999998,0.2816406250000001,0.2500000000000001,0.151953125,0.21445312500000005,0.20937500000000006,0.10156249999999997,0.2257812500000001,0.1437499999999999,0.37031250000000004,0.25312500000000004,0.10195312499999998,0.17109375000000002,0.18867187499999996,0.20351562500000006,0.22070312500000008,0.15195312500000002,12.0,-0.8,20.0,0.2,0.25,0.3,1.0,0.3
1,0.19609374999999998,0.20078125000000013,0.27812499999999996,0.14218749999999997,0.26132812500000013,0.219140625,0.19843749999999996,0.14531249999999996,0.2625000000000002,0.11367187499999995,0.2003906250000001,0.15781250000000016,0.17929687500000002,0.22734375000000004,0.101953125,0.1511718750000001,0.12812499999999996,0.1832031250000001,0.24765625000000013,0.1703125000000001,12.0,-0.8,20.0,0.2,0.25,0.3,1.0,0.3
2,0.27265625000000016,0.3382812500000002,0.3265625,0.15117187499999998,0.24921875,0.201171875,0.3203125,0.42890624999999993,0.250390625,0.34257812500000007,0.2312500000000001,0.2988281249999999,0.2734374999999999,0.2871093750000001,0.250390625,0.20078125,0.34492187499999993,0.20078125,0.37265625,0.3179687499999999,12.0,-0.8,20.0,0.2,0.25,0.3,1.0,0.3
3,0.1265625,0.163671875,0.132421875,0.28398437499999996,0.261328125,0.15156249999999996,0.27109375,0.13242187500000002,0.22109375000000012,0.26054687500000007,0.2414062500000001,0.10195312499999998,0.20117187499999997,0.17734375000000002,0.101953125,0.35781249999999976,0.20234374999999993,0.19726562500000006,0.24140625000000024,0.22578125000000002,12.0,-0.8,20.0,0.2,0.25,0.3,1.0,0.3
4,0.1515625,0.3476562500000002,0.2812500000000001,0.23710937500000004,0.37812500000000004,0.20351562499999995,0.24140625000000002,0.2769531249999997,0.15156250000000002,0.289453125,0.1515625,0.23320312500000004,0.15117187499999998,0.3593750000000002,0.2011718750000001,0.2242187500000001,0.15156250000000002,0.31874999999999987,0.25898437500000004,0.23007812500000002,12.0,-0.8,20.0,0.2,0.25,0.3,1.0,0.3
5,0.19921875000000008,0.2890625000000001,0.15859375000000006,0.29921874999999976,0.2355468750000001,0.35078124999999993,0.2070312500000002,0.20976562500000004,0.10468749999999996,0.10156249999999997,0.2996093750000002,0.20078125,0.101953125,0.15429687499999992,0.14531249999999998,0.215234375,0.20039062499999996,0.15742187500000002,0.19140625000000014,0.20898437500000008,12.0,-0.8,20.0,0.21,0.25,0.3,1.0,0.3
6,0.2097656250000001,0.22812500000000005,0.21718750000000012,0.22968750000000002,0.156640625,0.20078125,0.276953125,0.101953125,0.3707031249999999,0.296484375,0.1515625,0.2503906250000001,0.4179687500000001,0.15156250000000002,0.16406250000000003,0.18164062500000008,0.21523437499999995,0.16054687499999998,0.2671874999999999,0.20820312499999993,12.0,-0.8,20.0,0.21,0.25,0.3,1.0,0.3
7,0.21015625000000013,0.20117187499999997,0.20351562500000006,0.267578125,0.15156249999999996,0.26874999999999993,0.2015625000000001,0.15117187499999998,0.19335937500000008,0.16289062499999998,0.15078125000000012,0.20585937500000004,0.11914062500000006,0.265625,0.273046875,0.2558593749999999,0.1421875,0.199609375,0.21367187500000004,0.23320312500000015,12.0,-0.8,20.0,0.21,0.25,0.3,1.0,0.3
8,0.19687499999999983,0.30820312500000013,0.1515625,0.25390625,0.23398437500000002,0.15156250000000013,0.265625,0.26289062500000004,0.3113281250000002,0.26015625,0.16796875000000008,0.20117187500000008,0.15156250000000002,0.222265625,0.2500000000000001,0.15156250000000002,0.1515625,0.42421875,0.20703124999999986,0.1515625,12.0,-0.8,20.0,0.21,0.25,0.3,1.0,0.3
9,0.33515625000000004,0.29960937500000007,0.29999999999999993,0.17421875,0.26640625000000007,0.4238281249999998,0.2949218750000001,0.29804687499999993,0.2816406250000001,0.15117187499999998,0.29375000000000007,0.2500000000000001,0.275,0.37226562500000004,0.24257812500000006,0.28593749999999996,0.31640625,0.201171875,0.20078125,0.201171875,12.0,-0.8,20.0,0.21,0.25,0.3,1.0,0.3
10,0.37773437499999996,0.3230468750000002,0.32578125000000013,0.15117187499999998,0.2500000000000001,0.2734375,0.2699218750000002,0.20078125,0.316015625,0.23515624999999998,0.20078125,0.15117187499999998,0.289453125,0.2796875000000001,0.3125,0.3749999999999999,0.29218750000000004,0.2015625,0.15117187499999998,0.20195312500000004,12.0,-0.8,20.0,0.22,0.25,0.3,1.0,0.3
11,0.2496093750000001,0.2156250000000001,0.3144531250000001,0.33281249999999984,0.25625,0.2832031250000001,0.3355468749999999,0.27382812499999987,0.2582031250000001,0.20390624999999993,0.2503906250000001,0.37265625,0.24296875000000004,0.27812500000000007,0.27070312499999993,0.30429687500000024,0.2007812500000001,0.23554687500000007,0.20078125,0.42265624999999996,12.0,-0.8,20.0,0.22,0.25,0.3,1.0,0.3
12,0.21367187499999998,0.22695312500000012,0.10156249999999997,0.24609374999999997,0.25898437500000016,0.11835937499999999,0.17304687500000002,0.12578124999999998,0.27500000000000013,0.2789062499999999,0.15195312500000002,0.15156250000000013,0.24648437500000012,0.18671874999999996,0.2359375000000001,0.156640625,0.2296874999999999,0.28593749999999996,0.25078124999999996,0.1949218750000001,12.0,-0.8,20.0,0.22,0.25,0.3,1.0,0.3
13,0.18203125,0.24179687500000016,0.24453125000000006,0.20117187500000008,0.18828124999999998,0.15156249999999996,0.226171875,0.23789062499999997,0.16210937499999997,0.10156249999999997,0.16992187499999997,0.2300781250000001,0.16484374999999998,0.1453125,0.24531250000000007,0.22226562499999977,0.3179687499999998,0.15195312500000002,0.24960937499999997,0.22773437500000007,12.0,-0.8,20.0,0.22,0.25,0.3,1.0,0.3
14,0.2699218750000001,0.301171875,0.24999999999999997,0.33242187499999987,0.10156249999999997,0.2484375000000001,0.24726562500000004,0.15117187499999998,0.22890625000000012,0.2515625,0.12617187500000002,0.21289062500000008,0.15117187499999998,0.27578124999999987,0.37421874999999993,0.245703125,0.23476562499999995,0.15117187499999998,0.33320312500000004,0.19999999999999998,12.0,-0.8,20.0,0.22,0.25,0.3,1.0,0.3
15,0.199609375,0.36757812499999987,0.20078125,0.30000000000000004,0.21953125000000004,0.20937500000000006,0.19296875,0.15117187499999998,0.3402343750000001,0.20078125,0.2015625,0.2015625,0.15351562499999996,0.3496093749999999,0.4136718749999999,0.298828125,0.15117187499999998,0.35312500000000013,0.303125,0.298828125,12.0,-0.8,20.0,0.23,0.25,0.3,1.0,0.3
16,0.3085937499999999,0.30195312499999993,0.15117187499999998,0.34257812500000007,0.15117187499999998,0.29570312499999996,0.28242187499999993,0.25351562500000013,0.19765625000000012,0.3085937500000001,0.2988281250000001,0.3250000000000002,0.15351562500000007,0.2890625,0.201171875,0.176171875,0.27773437499999987,0.33125000000000016,0.27695312500000013,0.2972656250000001,12.0,-0.8,20.0,0.23,0.25,0.3,1.0,0.3
17,0.18281249999999996,0.27421875000000007,0.279296875,0.275,0.20703125000000008,0.1515625,0.20078125000000013,0.11328124999999997,0.20742187499999984,0.23203125000000013,0.25664062500000007,0.26640624999999984,0.2777343750000001,0.1515625,0.2500000000000001,0.28671875000000013,0.30781250000000016,0.18671875000000013,0.16289062499999998,0.29296875,12.0,-0.8,20.0,0.23,0.25,0.3,1.0,0.3
18,0.281640625,0.2539062499999999,0.20039062500000013,0.26601562499999987,0.33554687500000013,0.32187500000000013,0.17734375000000005,0.31171875000000004,0.2519531249999999,0.35624999999999996,0.23437499999999997,0.2011718750000001,0.36367187499999987,0.20039062500000013,0.15117187499999998,0.2199218749999999,0.351953125,0.15117187499999998,0.194921875,0.333984375,12.0,-0.8,20.0,0.23,0.25,0.3,1.0,0.3
19,0.15117187499999998,0.26289062500000016,0.2816406250000001,0.23945312500000002,0.20039062499999996,0.20351562499999998,0.31796875000000013,0.374609375,0.24882812500000012,0.2000000000000001,0.16953125,0.31875,0.38203125000000004,0.35234374999999996,0.250390625,0.26289062500000004,0.15117187499999998,0.15117187499999998,0.2015625,0.2328124999999999,12.0,-0.8,20.0,0.23,0.25,0.3,1.0,0.3
20,0.2695312500000001,0.210546875,0.34882812499999993,0.16289062499999998,0.2984375,0.20078125,0.21210937500000013,0.31640625,0.32148437499999993,0.35273437499999993,0.2621093750000001,0.27265625000000004,0.34882812500000004,0.19804687500000004,0.175390625,0.15117187499999998,0.23007812500000005,0.20312499999999997,0.316796875,0.20117187500000008,12.0,-0.8,20.0,0.24,0.25,0.3,1.0,0.3
21,0.30625,0.22539062500000015,0.29804687500000004,0.20039062500000013,0.175390625,0.3261718749999999,0.401953125,0.2792968749999999,0.201171875,0.332421875,0.2503906250000001,0.15117187499999998,0.173828125,0.32499999999999996,0.241796875,0.31914062499999984,0.24687499999999998,0.2695312499999999,0.23867187499999995,0.4921875,12.0,-0.8,20.0,0.24,0.25,0.3,1.0,0.3
22,0.15273437499999998,0.15195312500000002,0.21054687500000022,0.19335937499999997,0.24492187499999993,0.19414062499999987,0.1109375,0.15156250000000002,0.2953125000000001,0.283203125,0.310546875,0.31601562500000013,0.37460937500000013,0.21171874999999998,0.2574218749999999,0.15156249999999996,0.22460937499999986,0.24804687500000014,0.24804687500000008,0.2257812499999999,12.0,-0.8,20.0,0.24,0.25,0.3,1.0,0.3
23,0.304296875,0.32187500000000024,0.296875,0.2937500000000002,0.28789062500000007,0.2890625,0.3437500000000002,0.2660156250000001,0.287109375,0.25078125000000007,0.24804687499999997,0.16328125000000002,0.20078125,0.2496093750000001,0.37968749999999984,0.2015625,0.2738281250000001,0.2500000000000001,0.2734374999999999,0.20546875,12.0,-0.8,20.0,0.24,0.25,0.3,1.0,0.3
24,0.3023437499999999,0.23750000000000013,0.26289062500000004,0.24531250000000004,0.2949218750000001,0.26835937499999996,0.28359375,0.27421875000000007,0.22851562500000003,0.17578124999999997,0.151953125,0.36445312500000027,0.2496093750000001,0.27695312500000013,0.2015625000000001,0.35703125000000013,0.22148437500000015,0.376953125,0.1515625,0.2496093750000001,12.0,-0.8,20.0,0.24,0.25,0.3,1.0,0.3
25,0.20468750000000002,0.27890625,0.3195312499999998,0.176171875,0.22578125000000002,0.28203125000000007,0.21289062499999997,0.184765625,0.1511718750000001,0.20156250000000012,0.271875,0.20039062500000013,0.183984375,0.30000000000000004,0.15117187499999998,0.1511718750000001,0.22421875,0.35390625,0.19101562499999994,0.275390625,12.0,-0.8,20.0,0.25,0.25,0.3,1.0,0.3
26,0.2832031250000001,0.275,0.2007812500000001,0.15117187499999998,0.3199218749999999,0.24609374999999997,0.27851562500000004,0.32500000000000007,0.15156250000000002,0.379296875,0.23828125000000008,0.2500000000000001,0.21601562500000002,0.15117187499999998,0.39765624999999993,0.226171875,0.32539062500000004,0.20117187499999997,0.280859375,0.15117187499999998,12.0,-0.8,20.0,0.25,0.25,0.3,1.0,0.3
27,0.24335937499999996,0.26249999999999996,0.20234374999999996,0.2953125,0.2500000000000001,0.30976562499999993,0.2875,0.43437500000000007,0.28203124999999996,0.2500000000000001,0.20039062500000013,0.20078125,0.21328125,0.2496093750000001,0.38007812499999993,0.22851562499999997,0.22148437500000004,0.37617187499999993,0.15117187499999998,0.36796875000000007,12.0,-0.8,20.0,0.25,0.25,0.3,1.0,0.3
28,0.32539062500000016,0.25859375000000007,0.20078125000000013,0.22343749999999998,0.28046875000000016,0.2500000000000001,0.24140625000000002,0.15703125,0.394921875,0.20039062500000013,0.3289062500000002,0.28593750000000007,0.196484375,0.201171875,0.15117187499999998,0.273828125,0.3304687500000001,0.19179687500000006,0.245703125,0.2500000000000001,12.0,-0.8,20.0,0.25,0.25,0.3,1.0,0.3
29,0.2199218749999999,0.2519531249999999,0.10468750000000002,0.24999999999999986,0.13828125,0.24023437500000008,0.15742187500000002,0.303125,0.18203125000000012,0.3578125000000001,0.15156250000000002,0.15117187499999998,0.25117187500000016,0.15156250000000002,0.2425781249999998,0.285546875,0.2582031250000001,0.15117187499999998,0.3027343749999999,0.3109375,12.0,-0.8,20.0,0.25,0.25,0.3,1.0,0.3
30,0.21953124999999998,0.17460937499999998,0.374609375,0.15156250000000002,0.40078125,0.30078125,0.21562499999999996,0.30937500000000007,0.29218749999999993,0.163671875,0.33203125,0.29218749999999993,0.304296875,0.24999999999999997,0.28789062499999996,0.2496093750000001,0.17578125,0.217578125,0.21015625000000002,0.15273437499999998,12.0,-0.8,20.0,0.26,0.25,0.3,1.0,0.3
31,0.21328125,0.20078125,0.33828125,0.34921875,0.47539062499999996,0.300390625,0.32499999999999996,0.3492187499999999,0.39765624999999993,0.2500000000000001,0.26249999999999996,0.40937500000000004,0.34882812500000004,0.2125,0.375,0.20078125,0.250390625,0.20078125,0.20078125,0.4398437500000001,12.0,-0.8,20.0,0.26,0.25,0.3,1.0,0.3
32,0.3128906250000001,0.20156250000000017,0.26874999999999993,0.279296875,0.24296875000000004,0.4824218749999999,0.19453125,0.201171875,0.29453125000000013,0.2753906250000001,0.33320312499999993,0.21875000000000008,0.3398437500000001,0.3101562499999999,0.320703125,0.159765625,0.24960937499999997,0.2503906250000001,0.2503906250000001,0.33085937499999996,12.0,-0.8,20.0,0.26,0.25,0.3,1.0,0.3
33,0.332421875,0.28125,0.3246093750000001,0.304296875,0.30937500000000007,0.40156249999999993,0.29374999999999996,0.31875,0.31015625,0.15117187499999998,0.24999999999999997,0.20078125,0.28203125000000007,0.27617187500000007,0.24296874999999993,0.29414062499999993,0.33281249999999996,0.32304687499999996,0.23359375000000013,0.15117187499999998,12.0,-0.8,20.0,0.26,0.25,0.3,1.0,0.3
34,0.2992187500000001,0.250390625,0.2894531250000001,0.2562500000000002,0.22578125,0.20039062500000013,0.38007812500000004,0.25468749999999996,0.336328125,0.15156250000000002,0.35234374999999996,0.29570312500000007,0.2503906250000001,0.269921875,0.29609375000000004,0.31015625,0.2992187500000001,0.201171875,0.41914062499999993,0.3824218749999999,12.0,-0.8,20.0,0.26,0.25,0.3,1.0,0.3
35,0.45390624999999984,0.3414062499999998,0.22578124999999993,0.15117187499999998,0.2007812500000001,0.27265624999999993,0.28046874999999993,0.25312500000000004,0.2617187500000001,0.19140624999999997,0.27500000000000013,0.24765625000000013,0.17031250000000012,0.23320312499999998,0.3335937499999999,0.24999999999999997,0.34414062499999987,0.23125000000000004,0.22656249999999997,0.1511718750000001,12.0,-0.8,20.0,0.27,0.25,0.3,1.0,0.3
36,0.201171875,0.37617187500000027,0.30625,0.38203124999999993,0.3070312500000001,0.32265625,0.36328125,0.28242187500000004,0.201171875,0.289453125,0.288671875,0.29375000000000007,0.3066406250000001,0.298828125,0.33281249999999996,0.29960937500000007,0.201171875,0.27578125,0.2500000000000001,0.3445312500000002,12.0,-0.8,20.0,0.27,0.25,0.3,1.0,0.3
37,0.3753906250000001,0.15156250000000002,0.2875,0.2832031250000001,0.3570312499999999,0.15117187499999998,0.3753906250000001,0.296875,0.304296875,0.2492187500000001,0.20078125,0.2125,0.304296875,0.34999999999999987,0.34999999999999987,0.27070312500000004,0.36835937499999993,0.3027343749999999,0.29960937499999996,0.20937499999999995,12.0,-0.8,20.0,0.27,0.25,0.3,1.0,0.3
38,0.30703124999999987,0.33046874999999987,0.201171875,0.201171875,0.312109375,0.2007812500000001,0.20117187500000008,0.21445312499999997,0.3960937499999999,0.15117187499999998,0.32148437499999993,0.22499999999999998,0.32265624999999987,0.201171875,0.2914062500000001,0.4546874999999999,0.35703125,0.35859374999999993,0.29609374999999993,0.40078125,12.0,-0.8,20.0,0.27,0.25,0.3,1.0,0.3
39,0.23750000000000013,0.17890624999999996,0.46562499999999973,0.36562499999999987,0.19999999999999998,0.12578124999999998,0.24101562500000004,0.19062499999999996,0.267578125,0.20625,0.23398437500000013,0.3492187499999999,0.2500000000000001,0.33945312500000013,0.160546875,0.23476562500000003,0.25703125000000004,0.316796875,0.1753906250000001,0.21289062500000008,12.0,-0.8,20.0,0.27,0.25,0.3,1.0,0.3
40,0.2749999999999999,0.24687500000000007,0.24335937500000002,0.25312500000000004,0.29921875,0.239453125,0.46328124999999987,0.201171875,0.2828125,0.20117187500000003,0.25390625,0.22421875,0.258203125,0.20117187499999997,0.24999999999999997,0.3664062499999998,0.15156249999999996,0.30546875000000007,0.21132812500000006,0.357421875,12.0,-0.8,20.0,0.28,0.25,0.3,1.0,0.3
41,0.21718749999999998,0.34492187500000004,0.259765625,0.3457031250000001,0.2503906250000001,0.42460937499999984,0.30859375,0.2503906250000001,0.279296875,0.29960937500000007,0.2597656250000001,0.3734375000000001,0.37968750000000007,0.29375000000000007,0.349609375,0.22148437499999998,0.32968750000000013,0.2914062500000001,0.32929687500000004,0.2500000000000001,12.0,-0.8,20.0,0.28,0.25,0.3,1.0,0.3
42,0.263671875,0.3242187500000001,0.29921875,0.344140625,0.4296874999999998,0.28242187500000004,0.201171875,0.22499999999999998,0.375,0.303125,0.296875,0.4511718749999998,0.339453125,0.30000000000000004,0.2500000000000001,0.3890625000000002,0.5246093750000002,0.2500000000000001,0.20078125,0.37382812499999996,12.0,-0.8,20.0,0.28,0.25,0.3,1.0,0.3
43,0.34921875,0.26015625,0.14570312499999996,0.22617187499999997,0.19765624999999998,0.43984375,0.23789062500000005,0.21406249999999996,0.19726562499999986,0.32109375000000007,0.26015625,0.2710937499999999,0.3718750000000004,0.15117187499999998,0.226171875,0.2503906250000001,0.18085937499999993,0.22617187500000008,0.35859375000000004,0.2500000000000001,12.0,-0.8,20.0,0.28,0.25,0.3,1.0,0.3
44,0.24804687500000006,0.422265625,0.2749999999999999,0.3355468749999999,0.2816406250000001,0.4312499999999999,0.284765625,0.20078125,0.462890625,0.37617187500000004,0.201171875,0.3046874999999999,0.3382812500000001,0.3191406250000002,0.4,0.31171875000000004,0.33281249999999996,0.29414062499999993,0.331640625,0.29960937500000007,12.0,-0.8,20.0,0.28,0.25,0.3,1.0,0.3
45,0.3160156249999999,0.32421875,0.28593750000000007,0.4214843749999999,0.33085937499999996,0.2875000000000001,0.2007812500000001,0.35664062499999993,0.26679687500000004,0.29804687500000004,0.289453125,0.201171875,0.2753906250000001,0.41093749999999996,0.31796875000000013,0.29374999999999996,0.4894531249999998,0.2992187500000001,0.28789062499999996,0.3628906249999999,12.0,-0.8,20.0,0.29,0.25,0.3,1.0,0.3
46,0.2875,0.34765625,0.44843750000000016,0.33710937500000004,0.273828125,0.29999999999999993,0.3804687499999998,0.5062499999999998,0.37187499999999996,0.3394531249999999,0.327734375,0.20078125,0.4550781250000001,0.250390625,0.35546875,0.24374999999999997,0.3984375,0.275390625,0.20078125,0.2503906250000001,12.0,-0.8,20.0,0.29,0.25,0.3,1.0,0.3
47,0.25390625,0.20312499999999997,0.382421875,0.16289062499999998,0.30546874999999996,0.30195312500000016,0.33710937499999993,0.20078125,0.37968750000000007,0.3781249999999998,0.22421875,0.33984375,0.32695312499999996,0.312890625,0.3140625,0.28632812499999993,0.439453125,0.3335937499999999,0.2503906250000001,0.26796875,12.0,-0.8,20.0,0.29,0.25,0.3,1.0,0.3
48,0.20078125,0.32343749999999993,0.32304687499999996,0.349609375,0.326171875,0.383203125,0.28242187500000004,0.47773437499999993,0.3613281250000001,0.2503906250000001,0.20078125,0.29960937500000007,0.36367187499999987,0.20078125,0.29960937500000007,0.410546875,0.375390625,0.34921875,0.20078125,0.345703125,12.0,-0.8,20.0,0.29,0.25,0.3,1.0,0.3
49,0.25937500000000013,0.3148437500000001,0.200390625,0.396875,0.259765625,0.2695312499999999,0.2503906250000001,0.20078125,0.2902343749999998,0.29023437500000004,0.3363281250000001,0.2503906250000001,0.267578125,0.290625,0.15117187499999998,0.38398437500000004,0.29960937500000007,0.30000000000000016,0.44375,0.3441406250000001,12.0,-0.8,20.0,0.29,0.25,0.3,1.0,0.3
50,0.478125,0.37617187499999993,0.33671875000000007,0.28398437500000007,0.3246093750000001,0.4921875,0.34765625,0.29374999999999996,0.285546875,0.32734375000000016,0.332421875,0.34140625,0.33632812499999987,0.34765625,0.26445312500000007,0.3125000000000001,0.29960937500000007,0.34999999999999987,0.375,0.27421875000000007,12.0,-0.8,20.0,0.3,0.25,0.3,1.0,0.3
51,0.374609375,0.15117187499999998,0.3609374999999999,0.37031250000000004,0.20078125,0.39726562499999996,0.44023437499999996,0.30585937500000004,0.31953125000000004,0.36992187499999996,0.320703125,0.17460937499999998,0.32539062499999993,0.3125000000000001,0.2503906250000001,0.3726562499999999,0.419921875,0.2992187500000001,0.32929687499999993,0.3453125,12.0,-0.8,20.0,0.3,0.25,0.3,1.0,0.3
52,0.3765625,0.3046874999999999,0.326171875,0.38164062500000007,0.3804687499999999,0.29999999999999993,0.2992187500000001,0.2500000000000001,0.42070312500000007,0.37187499999999984,0.331640625,0.3433593749999999,0.3343750000000001,0.27226562500000007,0.33867187499999984,0.32109374999999996,0.37539062499999987,0.250390625,0.34921875,0.250390625,12.0,-0.8,20.0,0.3,0.25,0.3,1.0,0.3
53,0.33515624999999993,0.48046875,0.33046874999999987,0.3027343749999999,0.370703125,0.3375,0.3242187499999999,0.34921875,0.20078125,0.45742187499999976,0.29843750000000013,0.20156249999999998,0.35,0.21796875,0.250390625,0.250390625,0.34257812499999984,0.40390625,0.250390625,0.30156250000000007,12.0,-0.8,20.0,0.3,0.25,0.3,1.0,0.3
54,0.24531249999999996,0.30546874999999996,0.27109375,0.322265625,0.40273437499999987,0.2125,0.26601562499999987,0.294921875,0.34140625,0.21328125000000012,0.25468749999999996,0.2539062500000001,0.28203124999999996,0.25078125000000007,0.2578125,0.2500000000000001,0.25312500000000004,0.36210937499999996,0.359375,0.34687500000000004,12.0,-0.8,20.0,0.3,0.25,0.3,1.0,0.3
55,0.394921875,0.36171875,0.290625,0.2671875,0.22500000000000012,0.20078125,0.39296875,0.31953124999999993,0.38750000000000007,0.3417968749999999,0.4789062500000001,0.20078125,0.35429687499999984,0.351953125,0.4550781250000001,0.327734375,0.28398437499999996,0.250390625,0.30156250000000007,0.30312499999999987,12.0,-0.8,20.0,0.31,0.25,0.3,1.0,0.3
56,0.2500000000000001,0.37187500000000007,0.38007812500000004,0.316796875,0.18789062499999995,0.3441406250000001,0.2562500000000001,0.30078125,0.20078125,0.3265625,0.38007812500000016,0.29960937500000007,0.212109375,0.20078125,0.367578125,0.30351562500000007,0.34101562499999993,0.4460937500000003,0.2503906250000001,0.29960937500000007,12.0,-0.8,20.0,0.31,0.25,0.3,1.0,0.3
57,0.29140625,0.24999999999999997,0.361328125,0.2457031250000001,0.28828124999999993,0.22734375000000004,0.33320312500000004,0.23749999999999996,0.201171875,0.250390625,0.27812499999999996,0.38554687499999996,0.4105468750000001,0.337890625,0.28437500000000004,0.20078125,0.20078125,0.2992187500000001,0.20078125,0.4874999999999998,12.0,-0.8,20.0,0.31,0.25,0.3,1.0,0.3
58,0.201171875,0.259375,0.43007812499999987,0.33671874999999996,0.36249999999999993,0.29960937500000007,0.34921875,0.334375,0.32460937499999987,0.35703125,0.28398437499999996,0.20078125,0.3417968749999998,0.20078125,0.38164062499999984,0.3570312499999999,0.343359375,0.34687499999999993,0.2500000000000001,0.3003906249999998,12.0,-0.8,20.0,0.31,0.25,0.3,1.0,0.3
59,0.33085937499999996,0.2984375,0.201171875,0.4175781249999999,0.34921875,0.20078125,0.34296874999999993,0.29960937500000007,0.20078125,0.39531250000000007,0.35390625,0.48945312499999993,0.30195312500000004,0.29960937500000007,0.250390625,0.37265625,0.250390625,0.34726562500000013,0.38710937499999987,0.20078125,12.0,-0.8,20.0,0.31,0.25,0.3,1.0,0.3
60,0.15117187499999998,0.3609375,0.37617187499999993,0.20078125,0.2886718749999999,0.2500000000000001,0.33710937499999993,0.4042968750000001,0.24062500000000006,0.2500000000000001,0.3695312500000001,0.25078125000000007,0.20078125,0.4109375000000002,0.25859374999999996,0.334375,0.32890624999999984,0.4140624999999999,0.38593749999999993,0.20078125,12.0,-0.8,20.0,0.32,0.25,0.3,1.0,0.3
61,0.3558593750000001,0.30000000000000004,0.250390625,0.334375,0.3785156249999999,0.250390625,0.25078125000000007,0.31171875000000004,0.25117187499999993,0.35664062500000004,0.250390625,0.206640625,0.41093750000000007,0.36875,0.32578125,0.27226562500000007,0.29960937500000007,0.37578125000000007,0.29999999999999993,0.250390625,12.0,-0.8,20.0,0.32,0.25,0.3,1.0,0.3
62,0.3628906249999999,0.34453125000000007,0.20078125,0.37421875000000004,0.2503906250000001,0.2503906250000001,0.2503906250000001,0.30429687500000013,0.5421875000000003,0.4742187499999999,0.24765625,0.37109375,0.31015625,0.3124999999999999,0.3421875,0.33906249999999993,0.250390625,0.455078125,0.20078125,0.26249999999999996,12.0,-0.8,20.0,0.32,0.25,0.3,1.0,0.3
63,0.32499999999999996,0.275,0.3460937500000001,0.43398437499999987,0.34882812500000004,0.2875,0.24374999999999997,0.35859375000000004,0.20078125,0.20078125,0.2875,0.296875,0.250390625,0.30156250000000007,0.26875000000000004,0.31171875000000004,0.250390625,0.303125,0.30078125,0.250390625,12.0,-0.8,20.0,0.32,0.25,0.3,1.0,0.3
64,0.2125000000000001,0.29960937500000007,0.4257812500000001,0.222265625,0.362890625,0.4507812499999999,0.37773437499999996,0.351171875,0.36875,0.320703125,0.26484375000000016,0.2515625,0.2796875,0.280859375,0.21914062500000006,0.20078125,0.37421874999999993,0.3164062499999999,0.3257812499999999,0.250390625,12.0,-0.8,20.0,0.32,0.25,0.3,1.0,0.3
65,0.2066406250000001,0.2503906250000001,0.34296874999999993,0.24218750000000008,0.335546875,0.3398437499999999,0.392578125,0.2992187500000001,0.3550781249999999,0.36210937499999984,0.30742187499999996,0.237890625,0.3671875000000001,0.29999999999999993,0.201171875,0.37734375,0.20078125,0.3437499999999999,0.32890624999999996,0.33671874999999996,12.0,-0.8,20.0,0.33,0.25,0.3,1.0,0.3
66,0.506640625,0.3335937499999999,0.201171875,0.3476562500000001,0.2125000000000001,0.2992187500000001,0.29960937499999996,0.4121093749999998,0.3183593750000001,0.4316406250000002,0.2933593750000001,0.34648437499999996,0.2855468750000001,0.33125000000000004,0.25546875000000013,0.20078125,0.32460937499999987,0.3710937499999999,0.20078125,0.38671875,12.0,-0.8,20.0,0.33,0.25,0.3,1.0,0.3
67,0.3160156249999999,0.25507812500000004,0.3832031250000001,0.20078125,0.32695312499999996,0.36835937500000004,0.29960937499999996,0.375390625,0.5589843750000002,0.3765625,0.23281250000000006,0.376953125,0.30000000000000004,0.250390625,0.250390625,0.265625,0.3164062499999999,0.4488281249999999,0.34921875,0.250390625,12.0,-0.8,20.0,0.33,0.25,0.3,1.0,0.3
68,0.5878906250000002,0.4453125000000001,0.40117187499999996,0.32148437500000004,0.27851562500000004,0.26679687500000004,0.3785156249999999,0.250390625,0.4375,0.322265625,0.37812500000000004,0.38125,0.33671874999999996,0.41640625,0.3984375,0.29999999999999993,0.250390625,0.36992187500000007,0.24843750000000006,0.3,12.0,-0.8,20.0,0.33,0.25,0.3,1.0,0.3
69,0.2007812500000001,0.33828125,0.33984375,0.38359374999999996,0.29960937499999996,0.33906249999999993,0.37773437499999984,0.308984375,0.20078125,0.358984375,0.32382812500000013,0.382421875,0.32460937499999987,0.32929687499999993,0.40312500000000007,0.35859374999999993,0.336328125,0.33867187499999984,0.20078125,0.25078125000000007,12.0,-0.8,20.0,0.33,0.25,0.3,1.0,0.3
70,0.41757812500000013,0.30625,0.3242187499999998,0.42890624999999993,0.2992187500000001,0.25117187499999993,0.31562499999999993,0.44687500000000013,0.3089843750000001,0.2503906250000001,0.31484374999999987,0.31914062499999996,0.20078125,0.4421875000000002,0.34921875,0.36171875,0.34882812500000004,0.20078125,0.250390625,0.400390625,12.0,-0.8,20.0,0.34,0.25,0.3,1.0,0.3
71,0.449609375,0.4761718749999999,0.2503906250000001,0.20078125,0.3359375,0.2753906249999999,0.250390625,0.44023437500000007,0.31328124999999996,0.31015625,0.29960937500000007,0.31484374999999987,0.31953124999999993,0.44843749999999993,0.5093749999999999,0.257421875,0.34843750000000007,0.402734375,0.30937499999999996,0.250390625,12.0,-0.8,20.0,0.34,0.25,0.3,1.0,0.3
72,0.21289062499999997,0.23320312499999993,0.300390625,0.28789062500000007,0.3753906250000001,0.201171875,0.2972656250000001,0.20078125,0.29960937499999996,0.33125000000000004,0.34921875,0.38398437500000004,0.201171875,0.25078125000000007,0.209375,0.26054687499999996,0.38749999999999996,0.43046875000000007,0.5066406250000001,0.28671875,12.0,-0.8,20.0,0.34,0.25,0.3,1.0,0.3
73,0.37617187500000004,0.42734375,0.20078125,0.250390625,0.250390625,0.3167968750000002,0.41289062499999996,0.20078125,0.328125,0.20078125,0.34921875,0.20078125,0.3925781249999999,0.34648437499999984,0.34414062499999987,0.48593750000000013,0.34648437499999984,0.374609375,0.20078125,0.38515625,12.0,-0.8,20.0,0.34,0.25,0.3,1.0,0.3
74,0.3789062499999999,0.20078125,0.3160156249999999,0.3121093749999999,0.29999999999999993,0.29960937500000007,0.3144531249999999,0.3339843749999999,0.3121093749999999,0.26289062499999993,0.40312499999999984,0.250390625,0.35468750000000004,0.3710937499999999,0.4281250000000002,0.30195312499999993,0.3691406250000001,0.33984375,0.22421875000000005,0.250390625,12.0,-0.8,20.0,0.34,0.25,0.3,1.0,0.3
75,0.3359374999999999,0.32539062500000004,0.27500000000000013,0.349609375,0.29960937500000007,0.3597656250000001,0.4257812499999998,0.30156249999999996,0.32968750000000013,0.3140624999999999,0.24804687499999997,0.35078125000000004,0.42656250000000007,0.32499999999999996,0.42890625000000004,0.3183593750000001,0.20078125,0.32304687500000007,0.35625000000000007,0.32539062499999993,12.0,-0.8,20.0,0.35,0.25,0.3,1.0,0.3
76,0.20078125,0.4839843749999999,0.250390625,0.29960937499999996,0.39726562499999996,0.2500000000000001,0.20078125,0.29960937500000007,0.34921875,0.20078125,0.3257812499999999,0.37382812499999996,0.4507812499999999,0.446875,0.34921875,0.3984375,0.33124999999999993,0.250390625,0.44804687499999996,0.44804687499999996,12.0,-0.8,20.0,0.35,0.25,0.3,1.0,0.3
77,0.29960937500000007,0.404296875,0.3164062499999999,0.394140625,0.406640625,0.44257812499999993,0.32890624999999996,0.363671875,0.20078125,0.423828125,0.3804687499999999,0.40546875000000004,0.34492187500000004,0.48710937499999984,0.362890625,0.30000000000000004,0.250390625,0.398828125,0.250390625,0.3,12.0,-0.8,20.0,0.35,0.25,0.3,1.0,0.3
78,0.47773437499999993,0.31171874999999993,0.20078125,0.3179687499999999,0.29960937500000007,0.319921875,0.3781249999999998,0.2125,0.29960937500000007,0.36601562499999996,0.38203125000000004,0.42070312499999996,0.39335937499999996,0.2503906250000001,0.375,0.376953125,0.49062499999999987,0.39960937500000004,0.3707031249999999,0.4472656249999999,12.0,-0.8,20.0,0.35,0.25,0.3,1.0,0.3
79,0.34453125000000007,0.35859374999999993,0.452734375,0.30703124999999987,0.3062499999999999,0.20078125,0.46562500000000007,0.33710937500000004,0.250390625,0.33906250000000004,0.20078125,0.4085937500000001,0.40742187500000004,0.44804687499999996,0.20078125,0.250390625,0.34921875,0.398828125,0.250390625,0.250390625,12.0,-0.8,20.0,0.35,0.25,0.3,1.0,0.3
80,0.250390625,0.2503906250000001,0.47343749999999996,0.2503906250000001,0.35429687499999996,0.37382812500000007,0.3164062499999999,0.31640625,0.31562500000000004,0.3992187500000002,0.2500000000000001,0.3164062499999999,0.32421875,0.20078125,0.27070312500000004,0.4765624999999999,0.37812500000000004,0.37382812499999984,0.398828125,0.34921875,12.0,-0.8,20.0,0.36,0.25,0.3,1.0,0.3
81,0.4062500000000001,0.339453125,0.32382812500000013,0.40234375,0.40742187500000016,0.355859375,0.250390625,0.363671875,0.494140625,0.37773437499999996,0.33203125,0.35820312500000007,0.34648437500000007,0.34921875,0.40468749999999987,0.44414062499999996,0.250390625,0.30000000000000004,0.22500000000000006,0.44843749999999993,12.0,-0.8,20.0,0.36,0.25,0.3,1.0,0.3
82,0.37109375,0.31875,0.355859375,0.44296875000000013,0.3335937499999999,0.3144531249999999,0.34882812500000004,0.34804687499999987,0.43984375,0.29960937500000007,0.3734375000000001,0.4117187499999999,0.3617187500000001,0.37773437500000007,0.31914062499999996,0.3808593749999999,0.250390625,0.39921874999999996,0.4488281249999999,0.250390625,12.0,-0.8,20.0,0.36,0.25,0.3,1.0,0.3
83,0.33867187499999996,0.30000000000000004,0.2503906250000001,0.31757812499999993,0.449609375,0.2500000000000001,0.37812500000000004,0.31640625,0.484375,0.20078125,0.20078125,0.29960937500000007,0.34921875,0.39765625000000004,0.27851562500000004,0.39296875,0.349609375,0.33124999999999993,0.45468750000000013,0.250390625,12.0,-0.8,20.0,0.36,0.25,0.3,1.0,0.3
84,0.25117187499999993,0.250390625,0.20078125,0.3707031249999998,0.250390625,0.41875000000000007,0.3683593749999998,0.2503906250000001,0.2953125000000001,0.459375,0.27421875000000007,0.34492187500000004,0.3121093749999999,0.40468749999999987,0.27226562499999996,0.36835937499999993,0.398828125,0.29960937500000007,0.250390625,0.250390625,12.0,-0.8,20.0,0.36,0.25,0.3,1.0,0.3
85,0.36484375,0.30703124999999987,0.30781249999999993,0.4183593750000001,0.31328124999999996,0.2503906250000001,0.250390625,0.44921875,0.29609375000000004,0.33906249999999993,0.250390625,0.41679687499999996,0.33320312499999993,0.39179687499999993,0.30585937499999993,0.42500000000000004,0.3441406250000001,0.42421875,0.3,0.3,12.0,-0.8,20.0,0.37,0.25,0.3,1.0,0.3
86,0.30507812499999987,0.37617187499999993,0.341796875,0.34921875,0.28398437499999996,0.375390625,0.29999999999999993,0.4527343749999998,0.43671874999999993,0.29999999999999993,0.4140624999999999,0.2503906250000001,0.29999999999999993,0.4546875,0.3,0.3,0.3,0.3,0.3,0.3,12.0,-0.8,20.0,0.37,0.25,0.3,1.0,0.3
87,0.3984375,0.42460937500000007,0.34921875,0.34296875000000004,0.43828125000000007,0.523046875,0.29960937500000007,0.363671875,0.2855468750000001,0.29999999999999993,0.416015625,0.36093750000000013,0.3812500000000001,0.3656250000000001,0.29999999999999993,0.39921874999999996,0.3,0.3,0.3,0.3,12.0,-0.8,20.0,0.37,0.25,0.3,1.0,0.3
88,0.3785156249999999,0.250390625,0.250390625,0.3749999999999999,0.3238281249999999,0.36015625000000007,0.34062499999999996,0.35273437500000004,0.3363281250000001,0.35664062499999993,0.3808593749999999,0.404296875,0.3828125,0.29804687500000004,0.250390625,0.34609375,0.3496093749999999,0.4605468749999999,0.32499999999999996,0.30000000000000004,12.0,-0.8,20.0,0.37,0.25,0.3,1.0,0.3
89,0.2503906250000001,0.3375,0.226171875,0.45859375,0.38828125,0.293359375,0.3023437499999999,0.30195312499999993,0.29960937500000007,0.34882812500000004,0.31015625,0.37734375,0.431640625,0.250390625,0.22499999999999998,0.4488281249999999,0.250390625,0.250390625,0.250390625,0.349609375,12.0,-0.8,20.0,0.37,0.25,0.3,1.0,0.3
90,0.32499999999999984,0.4019531249999999,0.384765625,0.35273437500000004,0.30625,0.35468750000000004,0.250390625,0.34921875,0.33828124999999987,0.433203125,0.21718750000000006,0.29960937500000007,0.20078125,0.515625,0.259765625,0.250390625,0.3707031249999999,0.250390625,0.48046875,0.5160156249999999,12.0,-0.8,20.0,0.38,0.25,0.3,1.0,0.3
91,0.35664062500000016,0.43046874999999996,0.33124999999999993,0.31367187499999993,0.398046875,0.250390625,0.33476562499999996,0.29999999999999993,0.34921875,0.29960937500000007,0.34921875,0.3238281249999999,0.32695312499999996,0.29960937500000007,0.365625,0.3316406249999999,0.5066406250000001,0.29999999999999993,0.3609375,0.3,12.0,-0.8,20.0,0.38,0.25,0.3,1.0,0.3
92,0.43437499999999996,0.373046875,0.375390625,0.32890624999999996,0.3781249999999998,0.39960937500000004,0.47929687499999996,0.5851562500000003,0.250390625,0.26093750000000004,0.3414062499999999,0.42226562499999987,0.33710937499999993,0.250390625,0.34921875,0.39921874999999996,0.349609375,0.3,0.3,0.3,12.0,-0.8,20.0,0.38,0.25,0.3,1.0,0.3
93,0.32539062499999993,0.3726562499999999,0.45273437500000013,0.275390625,0.37421874999999993,0.39296875,0.3062499999999999,0.30585937500000004,0.30859375,0.3382812500000001,0.22578125000000002,0.250390625,0.250390625,0.25078125000000007,0.430078125,0.374609375,0.398828125,0.30859375,0.398828125,0.255859375,12.0,-0.8,20.0,0.38,0.25,0.3,1.0,0.3
94,0.38007812500000004,0.3773437500000001,0.42851562499999996,0.35273437500000004,0.41914062500000016,0.404296875,0.4003906250000001,0.29999999999999993,0.3988281250000001,0.4046875,0.250390625,0.250390625,0.43437499999999996,0.38554687499999996,0.380859375,0.36250000000000004,0.365234375,0.32265625,0.250390625,0.3335937499999999,12.0,-0.8,20.0,0.38,0.25,0.3,1.0,0.3
95,0.36640625000000004,0.39882812499999987,0.34921875,0.42265625000000007,0.3265625,0.373046875,0.3753906250000001,0.474609375,0.39726562500000007,0.250390625,0.30507812499999987,0.4140625,0.37812500000000004,0.29960937500000007,0.47421875,0.37265625000000013,0.3,0.3,0.3,0.3,12.0,-0.8,20.0,0.39,0.25,0.3,1.0,0.3
96,0.39335937499999996,0.3859374999999998,0.4488281249999999,0.38671875,0.3765624999999999,0.4316406249999999,0.34453125000000007,0.20078125,0.3160156249999999,0.46328125,0.37265625,0.349609375,0.34882812500000004,0.3667968749999998,0.30000000000000004,0.4371093749999999,0.324609375,0.30000000000000004,0.29570312499999996,0.349609375,12.0,-0.8,20.0,0.39,0.25,0.3,1.0,0.3
97,0.382421875,0.4019531249999999,0.3300781249999999,0.3746093749999999,0.40234375,0.30351562499999996,0.250390625,0.3257812499999999,0.28789062499999996,0.50234375,0.4,0.353125,0.4136718749999999,0.4261718750000001,0.32734374999999993,0.43125,0.3,0.3,0.3,0.3,12.0,-0.8,20.0,0.39,0.25,0.3,1.0,0.3
98,0.5128906250000002,0.2503906250000001,0.44218750000000007,0.3589843749999999,0.32539062499999993,0.500390625,0.37734375,0.45234375000000027,0.32421875,0.38789062500000004,0.4414062499999999,0.4175781249999999,0.30195312499999993,0.38398437500000004,0.3,0.3,0.3,0.3,0.3,0.3,12.0,-0.8,20.0,0.39,0.25,0.3,1.0,0.3
99,0.2503906250000001,0.2503906250000001,0.34882812500000004,0.5785156250000001,0.40195312500000013,0.2875,0.29374999999999996,0.3578125,0.492578125,0.332421875,0.22578125000000002,0.41289062499999996,0.29218750000000004,0.29374999999999996,0.32148437500000004,0.419921875,0.39453125,0.3,0.3,0.3,12.0,-0.8,20.0,0.39,0.25,0.3,1.0,0.3
100,0.25468749999999996,0.52578125,0.30351562499999996,0.521484375,0.29960937500000007,0.3125,0.366796875,0.345703125,0.349609375,0.4273437499999999,0.3921874999999999,0.390625,0.29999999999999993,0.30351562499999996,0.3,0.3,0.3,0.3,0.3,0.3,12.0,-0.8,20.0,0.4,0.25,0.3,1.0,0.3
101,0.37421875000000016,0.33046874999999987,0.5593750000000001,0.38984374999999993,0.4078124999999999,0.3515625,0.20078125,0.29999999999999993,0.3320312499999999,0.47539062500000007,0.47343750000000007,0.34882812500000004,0.250390625,0.283203125,0.43828124999999996,0.29999999999999993,0.349609375,0.250390625,0.4371093749999999,0.250390625,12.0,-0.8,20.0,0.4,0.25,0.3,1.0,0.3
102,0.31796875000000013,0.250390625,0.3695312500000001,0.37578125000000007,0.36796875000000007,0.3257812499999999,0.38203124999999993,0.3402343750000001,0.277734375,0.20078125,0.44804687499999996,0.40390625,0.32695312499999996,0.29960937500000007,0.3808593749999999,0.473046875,0.4550781249999999,0.250390625,0.40742187499999993,0.30000000000000004,12.0,-0.8,20.0,0.4,0.25,0.3,1.0,0.3
103,0.47929687500000007,0.26679687499999993,0.46757812500000007,0.34882812500000004,0.34843750000000007,0.29999999999999993,0.34921875,0.47343750000000007,0.330078125,0.312890625,0.25664062499999996,0.3785156249999999,0.26640624999999996,0.46757812500000007,0.29999999999999993,0.20078125,0.4320312500000001,0.250390625,0.46328125,0.37734374999999987,12.0,-0.8,20.0,0.4,0.25,0.3,1.0,0.3
104,0.20078125,0.230859375,0.297265625,0.20078125,0.380859375,0.31328125000000007,0.531640625,0.29960937500000007,0.396875,0.3257812499999999,0.4472656250000002,0.39296875,0.3515625,0.3765625,0.3734375000000001,0.48984375,0.349609375,0.349609375,0.3,0.3,12.0,-0.8,20.0,0.4,0.25,0.3,1.0,0.3
105,0.4878906249999999,0.33828124999999987,0.3140624999999999,0.21015625000000002,0.33710937500000004,0.2753906249999999,0.34882812500000004,0.322265625,0.34648437500000007,0.46406250000000004,0.31875,0.250390625,0.3257812499999999,0.25898437500000004,0.32539062499999993,0.29999999999999993,0.36484375,0.20078125,0.405859375,0.250390625,12.0,-0.8,20.0,0.41,0.25,0.3,1.0,0.3
106,0.37421874999999993,0.4125,0.41523437500000004,0.427734375,0.280859375,0.36796874999999996,0.29921875,0.35624999999999996,0.3910156250000001,0.43671875000000004,0.250390625,0.29374999999999996,0.250390625,0.3984375,0.38359374999999996,0.39570312499999993,0.29960937500000007,0.4085937500000001,0.32343750000000004,0.3828125,12.0,-0.8,20.0,0.41,0.25,0.3,1.0,0.3
107,0.333984375,0.39335937499999996,0.2691406249999999,0.41523437499999993,0.3804687499999999,0.3769531250000001,0.4671875000000001,0.49179687500000013,0.312890625,0.398828125,0.400390625,0.4003906249999999,0.265234375,0.39765624999999993,0.3,0.3,0.3,0.3,0.3,0.3,12.0,-0.8,20.0,0.41,0.25,0.3,1.0,0.3
108,0.459375,0.345703125,0.39609375,0.34609375,0.20078125,0.314453125,0.43984374999999987,0.250390625,0.433203125,0.5249999999999999,0.41289062499999996,0.250390625,0.4335937499999999,0.42890624999999993,0.250390625,0.394140625,0.3,0.3,0.3,0.3,12.0,-0.8,20.0,0.41,0.25,0.3,1.0,0.3
109,0.38554687499999996,0.3636718750000001,0.41132812499999993,0.34882812500000004,0.3589843749999999,0.40937500000000004,0.380859375,0.35546875,0.33437499999999987,0.26249999999999996,0.52265625,0.2894531250000001,0.5140625000000001,0.392578125,0.44765625,0.4082031249999999,0.40234375,0.3,0.3,0.3,12.0,-0.8,20.0,0.41,0.25,0.3,1.0,0.3
110,0.34999999999999987,0.34609374999999987,0.42500000000000004,0.31171874999999993,0.33906250000000004,0.3804687499999999,0.31484374999999987,0.3066406249999999,0.406640625,0.300390625,0.312890625,0.3984374999999999,0.3320312499999999,0.4117187499999999,0.39570312499999993,0.28398437499999996,0.250390625,0.3,0.3,0.3,12.0,-0.8,20.0,0.42,0.25,0.3,1.0,0.3
111,0.366796875,0.30351562499999996,0.3421875,0.516796875,0.33671874999999996,0.2875,0.2925781249999999,0.390234375,0.591796875,0.44804687500000007,0.4550781249999999,0.29999999999999993,0.4238281249999999,0.5085937500000002,0.3,0.3,0.3,0.3,0.3,0.3,12.0,-0.8,20.0,0.42,0.25,0.3,1.0,0.3
112,0.459375,0.3066406249999999,0.3421875,0.2875,0.42304687500000004,0.2875,0.20078125,0.4027343750000001,0.275,0.303125,0.43671875000000004,0.2875,0.500390625,0.34882812500000004,0.3671874999999999,0.2875,0.38945312500000007,0.39375000000000004,0.3,0.3,12.0,-0.8,20.0,0.42,0.25,0.3,1.0,0.3
113,0.484765625,0.387109375,0.383203125,0.3593750000000001,0.31171875000000004,0.441015625,0.332421875,0.318359375,0.38945312499999996,0.27421874999999996,0.5558593750000002,0.2503906250000001,0.3593750000000001,0.31992187500000013,0.29960937500000007,0.250390625,0.250390625,0.250390625,0.43671874999999993,0.34921875,12.0,-0.8,20.0,0.42,0.25,0.3,1.0,0.3
114,0.453125,0.370703125,0.41679687500000007,0.29960937500000007,0.42460937500000007,0.3749999999999999,0.49296874999999996,0.41640625,0.250390625,0.45039062500000004,0.3765624999999999,0.41953125,0.398828125,0.34921875,0.34296875000000004,0.398828125,0.3,0.3,0.3,0.3,12.0,-0.8,20.0,0.42,0.25,0.3,1.0,0.3
115,0.2515625,0.42421875,0.48750000000000016,0.30585937499999993,0.29179687499999996,0.39765625000000004,0.3066406249999999,0.29960937500000007,0.469140625,0.37421875000000004,0.331640625,0.42109374999999993,0.4296875,0.4234375,0.250390625,0.40546874999999993,0.387109375,0.36210937499999996,0.3,0.3,12.0,-0.8,20.0,0.43,0.25,0.3,1.0,0.3
116,0.414453125,0.3980468749999999,0.250390625,0.30000000000000004,0.4906250000000001,0.33828125,0.250390625,0.348046875,0.35273437499999993,0.49140624999999993,0.29960937500000007,0.347265625,0.30000000000000004,0.29960937500000007,0.4140624999999999,0.30000000000000004,0.3421875,0.398828125,0.34921875,0.375,12.0,-0.8,20.0,0.43,0.25,0.3,1.0,0.3
117,0.426171875,0.430078125,0.2500000000000001,0.41523437500000016,0.40703125000000007,0.43046874999999996,0.29960937499999996,0.37187499999999996,0.42851562500000007,0.415625,0.41484375000000007,0.341796875,0.39921874999999996,0.3,0.3,0.3,0.3,0.3,0.3,0.3,12.0,-0.8,20.0,0.43,0.25,0.3,1.0,0.3
118,0.353125,0.4847656250000001,0.3812500000000001,0.31718749999999996,0.37226562500000004,0.250390625,0.31367187499999993,0.45859375,0.4605468749999999,0.37812500000000004,0.2753906249999999,0.465234375,0.3,0.3,0.3,0.3,0.3,0.3,0.3,0.3,12.0,-0.8,20.0,0.43,0.25,0.3,1.0,0.3
119,0.32929687499999993,0.43476562500000004,0.2992187500000001,0.39531250000000007,0.32421875,0.4441406250000002,0.38749999999999996,0.36835937499999993,0.41289062500000007,0.29960937500000007,0.349609375,0.392578125,0.44218749999999984,0.4078125,0.3,0.3,0.3,0.3,0.3,0.3,12.0,-0.8,20.0,0.43,0.25,0.3,1.0,0.3
120,0.27226562499999996,0.3984374999999999,0.250390625,0.3734375,0.2519531249999999,0.29999999999999993,0.29960937500000007,0.31367187499999993,0.527734375,0.38671875,0.38984375000000004,0.34882812500000004,0.40898437499999996,0.4703124999999999,0.4449218749999999,0.37226562499999993,0.3906249999999999,0.42109375000000004,0.3,0.3,12.0,-0.8,20.0,0.44,0.25,0.3,1.0,0.3
121,0.48710937499999996,0.46367187499999996,0.36054687500000004,0.34921875,0.475,0.29960937500000007,0.5253906249999999,0.2125,0.37382812499999996,0.34921875,0.3609375,0.3578125000000001,0.20078125,0.39921874999999996,0.39921874999999996,0.39765625000000004,0.39921874999999996,0.349609375,0.3,0.3,12.0,-0.8,20.0,0.44,0.25,0.3,1.0,0.3
122,0.2699218750000001,0.38671875,0.48125000000000007,0.366796875,0.49335937499999993,0.32734374999999993,0.41953125,0.32304687500000007,0.44843749999999993,0.40664062499999987,0.4585937499999999,0.398828125,0.250390625,0.250390625,0.250390625,0.38749999999999996,0.3765625,0.30000000000000004,0.3,0.3,12.0,-0.8,20.0,0.44,0.25,0.3,1.0,0.3
123,0.34062499999999996,0.31718749999999996,0.38945312499999996,0.34921875,0.38398437500000004,0.351953125,0.34921875,0.50546875,0.2925781249999999,0.34687500000000004,0.38789062500000004,0.3,0.3,0.3,0.3,0.3,0.3,0.3,0.3,0.3,12.0,-0.8,20.0,0.44,0.25,0.3,1.0,0.3
124,0.43671874999999993,0.20078125,0.355078125,0.40156249999999993,0.42656250000000007,0.445703125,0.40859375,0.34843750000000007,0.42304687500000004,0.20078125,0.20078125,0.29999999999999993,0.375,0.250390625,0.44062499999999993,0.3,0.3,0.3,0.3,0.3,12.0,-0.8,20.0,0.44,0.25,0.3,1.0,0.3
125,0.33984375,0.47343749999999984,0.4402343750000002,0.48164062500000004,0.3472656249999999,0.250390625,0.462890625,0.25898437500000004,0.32539062499999993,0.34921875,0.394921875,0.391015625,0.4468749999999999,0.3,0.3,0.3,0.3,0.3,0.3,0.3,12.0,-0.8,20.0,0.45,0.25,0.3,1.0,0.3
126,0.40703125000000007,0.6253906250000002,0.4921874999999999,0.5250000000000001,0.343359375,0.4496093750000001,0.5859375000000003,0.42499999999999993,0.41132812499999993,0.39921874999999996,0.30000000000000004,0.38749999999999996,0.349609375,0.3,0.3,0.3,0.3,0.3,0.3,0.3,12.0,-0.8,20.0,0.45,0.25,0.3,1.0,0.3
127,0.41523437499999993,0.43515625,0.36835937499999993,0.334375,0.35312500000000013,0.2984375,0.44648437500000004,0.42578125,0.458984375,0.2875,0.423828125,0.46718749999999987,0.34921875,0.4355468749999999,0.33124999999999993,0.3,0.3,0.3,0.3,0.3,12.0,-0.8,20.0,0.45,0.25,0.3,1.0,0.3
128,0.3140625,0.28632812500000004,0.30625000000000013,0.36484375,0.297265625,0.3027343749999999,0.3804687499999999,0.37812499999999993,0.3574218750000001,0.39140625000000007,0.3597656250000002,0.31484374999999987,0.44843749999999993,0.30000000000000004,0.33124999999999993,0.42695312499999993,0.3,0.349609375,0.3,0.3,12.0,-0.8,20.0,0.45,0.25,0.3,1.0,0.3
129,0.387109375,0.491796875,0.33906250000000004,0.3734375000000001,0.36406249999999996,0.28671875,0.3539062500000001,0.4941406250000001,0.250390625,0.41718750000000004,0.3964843750000001,0.40117187499999996,0.29374999999999996,0.29765625000000007,0.30000000000000004,0.3843749999999999,0.351171875,0.250390625,0.37226562500000004,0.250390625,12.0,-0.8,20.0,0.45,0.25,0.3,1.0,0.3
130,0.5039062499999999,0.36406249999999996,0.47539062499999996,0.2621093750000001,0.488671875,0.32890624999999996,0.430078125,0.441015625,0.443359375,0.3750000000000001,0.29999999999999993,0.30625,0.3,0.3,0.3,0.3,0.3,0.3,0.3,0.3,12.0,-0.8,20.0,0.46,0.25,0.3,1.0,0.3
131,0.398828125,0.4257812500000001,0.250390625,0.47421875,0.3695312500000001,0.46953124999999996,0.320703125,0.349609375,0.29179687499999996,0.461328125,0.30000000000000004,0.48359374999999993,0.44453124999999993,0.4980468749999999,0.41718750000000004,0.4042968749999998,0.3,0.3,0.3,0.3,12.0,-0.8,20.0,0.46,0.25,0.3,1.0,0.3
132,0.3437499999999999,0.472265625,0.44921875,0.36250000000000004,0.297265625,0.38750000000000007,0.2875,0.44453124999999993,0.4687500000000001,0.45039062499999993,0.2875,0.4878906249999999,0.250390625,0.394921875,0.43984375,0.426171875,0.3,0.3,0.3,0.3,12.0,-0.8,20.0,0.46,0.25,0.3,1.0,0.3
133,0.49335937499999993,0.33437499999999987,0.457421875,0.40468749999999987,0.45781249999999984,0.5046875,0.4531250000000001,0.43632812500000007,0.5078125,0.250390625,0.29960937500000007,0.40937499999999993,0.3,0.3,0.3,0.3,0.3,0.3,0.3,0.3,12.0,-0.8,20.0,0.46,0.25,0.3,1.0,0.3
134,0.571484375,0.47734374999999984,0.38203124999999993,0.4589843749999999,0.33906250000000004,0.4324218750000002,0.415625,0.374609375,0.30000000000000004,0.34921875,0.44648437499999993,0.39921874999999996,0.3,0.3,0.3,0.3,0.3,0.3,0.3,0.3,12.0,-0.8,20.0,0.46,0.25,0.3,1.0,0.3
135,0.2503906250000001,0.58984375,0.49257812499999987,0.45820312500000004,0.30195312499999993,0.3105468749999999,0.4472656250000001,0.29999999999999993,0.34687500000000004,0.250390625,0.496484375,0.4515625,0.4175781249999999,0.412109375,0.40156249999999993,0.3,0.3,0.3,0.3,0.3,12.0,-0.8,20.0,0.47,0.25,0.3,1.0,0.3
136,0.3820312499999998,0.3351562499999998,0.5863281250000001,0.22499999999999998,0.5781250000000001,0.4218750000000001,0.20078125,0.318359375,0.35234375000000007,0.3929687500000001,0.29179687499999996,0.3414062499999999,0.43984375,0.398828125,0.250390625,0.39921874999999996,0.3,0.3,0.3,0.3,12.0,-0.8,20.0,0.47,0.25,0.3,1.0,0.3
137,0.455078125,0.4257812499999999,0.29414062499999993,0.44804687499999984,0.3453125,0.30195312499999993,0.43437500000000007,0.4769531250000001,0.20078125,0.3808593750000001,0.251953125,0.45351562499999987,0.29374999999999996,0.43125,0.412109375,0.250390625,0.3,0.3,0.3,0.3,12.0,-0.8,20.0,0.47,0.25,0.3,1.0,0.3
138,0.5078125,0.5203125000000001,0.3101562499999999,0.5097656250000001,0.46015624999999993,0.45078125,0.414453125,0.451171875,0.40117187500000007,0.38164062500000007,0.250390625,0.39921874999999996,0.349609375,0.3,0.3,0.3,0.3,0.3,0.3,0.3,12.0,-0.8,20.0,0.47,0.25,0.3,1.0,0.3
139,0.41093750000000007,0.3945312499999999,0.30703124999999987,0.449609375,0.365234375,0.44140625,0.43320312500000013,0.29999999999999993,0.31523437499999996,0.250390625,0.4218749999999999,0.423828125,0.250390625,0.3,0.3,0.3,0.3,0.3,0.3,0.3,12.0,-0.8,20.0,0.47,0.25,0.3,1.0,0.3
140,0.517578125,0.4648437500000001,0.3914062500000002,0.3851562500000001,0.390625,0.480078125,0.378515625,0.291015625,0.512109375,0.478125,0.38164062499999996,0.349609375,0.347265625,0.3,0.3,0.3,0.3,0.3,0.3,0.3,12.0,-0.8,20.0,0.48,0.25,0.3,1.0,0.3
141,0.398828125,0.29375000000000007,0.402734375,0.51015625,0.39609375,0.316796875,0.38124999999999987,0.20078125,0.5617187500000002,0.4828125,0.44804687499999984,0.32695312499999996,0.49257812499999987,0.250390625,0.45234374999999993,0.250390625,0.3,0.3,0.3,0.3,12.0,-0.8,20.0,0.48,0.25,0.3,1.0,0.3
142,0.38828125,0.35820312499999996,0.36054687499999993,0.31757812499999993,0.4242187500000001,0.42109374999999993,0.32539062499999993,0.3828124999999999,0.486328125,0.503125,0.421875,0.29999999999999993,0.461328125,0.349609375,0.40351562499999993,0.3,0.3,0.3,0.3,0.3,12.0,-0.8,20.0,0.48,0.25,0.3,1.0,0.3
143,0.33124999999999993,0.22499999999999998,0.40898437499999996,0.29960937500000007,0.23124999999999998,0.4003906249999999,0.38242187500000013,0.275,0.29374999999999996,0.5472656250000003,0.324609375,0.5390625,0.49765625,0.421484375,0.30000000000000004,0.418359375,0.40312499999999996,0.382421875,0.3,0.3,12.0,-0.8,20.0,0.48,0.25,0.3,1.0,0.3
144,0.39453125,0.30000000000000004,0.412109375,0.42812499999999987,0.46953124999999996,0.44023437500000007,0.267578125,0.42265624999999996,0.3109375,0.308203125,0.3,0.3,0.3,0.3,0.3,0.3,0.3,0.3,0.3,0.3,12.0,-0.8,20.0,0.48,0.25,0.3,1.0,0.3
145,0.39218750000000013,0.40937499999999993,0.3769531249999999,0.363671875,0.4605468749999999,0.349609375,0.2503906250000001,0.36796874999999996,0.414453125,0.3734375000000001,0.365625,0.37734375,0.3,0.3,0.3,0.3,0.3,0.3,0.3,0.3,12.0,-0.8,20.0,0.49,0.25,0.3,1.0,0.3
146,0.35820312499999984,0.38749999999999996,0.5386718750000001,0.33281249999999996,0.276953125,0.42265625000000007,0.34609375,0.41093749999999996,0.29999999999999993,0.4273437499999999,0.4292968749999999,0.409765625,0.3,0.3,0.3,0.3,0.3,0.3,0.3,0.3,12.0,-0.8,20.0,0.49,0.25,0.3,1.0,0.3
147,0.50546875,0.524609375,0.3359375,0.316796875,0.44648437500000004,0.5375,0.4664062499999999,0.4683593749999999,0.473046875,0.47382812500000004,0.3,0.3,0.3,0.3,0.3,0.3,0.3,0.3,0.3,0.3,12.0,-0.8,20.0,0.49,0.25,0.3,1.0,0.3
148,0.550390625,0.45039062500000004,0.5574218750000003,0.5355468749999999,0.48554687500000004,0.47187500000000004,0.4179687500000001,0.34921875,0.30000000000000004,0.349609375,0.349609375,0.349609375,0.250390625,0.250390625,0.3,0.3,0.3,0.3,0.3,0.3,12.0,-0.8,20.0,0.49,0.25,0.3,1.0,0.3
149,0.48906250000000007,0.48750000000000004,0.4613281250000001,0.43437499999999996,0.504296875,0.316796875,0.43632812499999996,0.3863281249999999,0.430078125,0.38749999999999996,0.34921875,0.250390625,0.3,0.3,0.3,0.3,0.3,0.3,0.3,0.3,12.0,-0.8,20.0,0.49,0.25,0.3,1.0,0.3
