,Q1,Q2,Q3,Q4,Q5,Q6,Q7,Q8,Q9,Q10,Q11,Q12,Q13,Q14,Q15,Q16,Q17,Q18,Q19,Q20,sim_time,forget_threshold,num_facts,model_sof,c,s,F,t0
0,0.2992187500000001,0.34140625000000013,0.22578125,0.20078125,0.35820312499999996,0.24414062500000006,0.31523437499999996,0.201171875,0.24648437500000006,0.20625000000000004,0.2515625,0.30703125,0.20078125,0.15117187499999998,0.15117187499999998,0.265234375,0.2640625000000001,0.2125000000000001,0.24101562500000007,0.2441406250000001,12.0,-0.8,20.0,0.2,0.25,0.3,1.0,0.3
1,0.191796875,0.09921875,0.2617187500000001,0.17773437500000003,0.101953125,0.14687499999999995,0.17109374999999996,0.2734375,0.21328125000000006,0.13085937499999997,0.19453125000000007,0.26171875,0.17929687500000013,0.10156249999999997,0.20078125000000013,0.1265625,0.17695312499999996,0.23593750000000008,0.10195312499999998,0.23750000000000007,12.0,-0.8,20.0,0.2,0.25,0.3,1.0,0.3
2,0.2308593750000002,0.2558593750000001,0.194921875,0.25703124999999993,0.20937500000000003,0.3785156249999999,0.22695312500000017,0.18554687499999997,0.101953125,0.20039062500000013,0.18750000000000008,0.20117187500000014,0.2503906250000001,0.15429687499999992,0.2871093750000001,0.1902343749999999,0.18632812499999998,0.151953125,0.1519531250000001,0.192578125,12.0,-0.8,20.0,0.2,0.25,0.3,1.0,0.3
3,0.16953125000000008,0.279296875,0.1511718750000001,0.15156250000000002,0.23164062500000002,0.21914062500000006,0.16210937500000017,0.2011718750000001,0.222265625,0.15507812499999998,0.22929687499999998,0.2714843750000002,0.2496093750000001,0.19375,0.2261718750000001,0.17578125000000014,0.11015624999999998,0.23281250000000006,0.20078125000000013,0.180859375,12.0,-0.8,20.0,0.2,0.25,0.3,1.0,0.3
4,0.24414062500000008,0.29140625,0.19335937500000003,0.320703125,0.31367187500000016,0.355078125,0.24414062500000008,0.2000000000000001,0.1511718750000001,0.18671875000000007,0.23007812500000002,0.23359375000000016,0.24726562500000004,0.15117187499999998,0.163671875,0.2734375000000001,0.19960937500000012,0.250390625,0.16953124999999994,0.20546875000000006,12.0,-0.8,20.0,0.2,0.25,0.3,1.0,0.3
5,0.20039062499999996,0.29999999999999993,0.3242187500000001,0.3308593750000002,0.34101562500000016,0.316015625,0.2742187500000002,0.3593750000000001,0.298828125,0.261328125,0.30703125,0.20078125,0.27851562499999993,0.32578125000000013,0.271875,0.2875000000000001,0.30195312500000004,0.27578124999999987,0.15117187499999998,0.285546875,12.0,-0.8,20.0,0.21,0.25,0.3,1.0,0.3
6,0.10156249999999997,0.22851562499999994,0.25117187500000004,0.28984374999999996,0.1875,0.11328124999999997,0.19843749999999996,0.19765624999999995,0.18749999999999994,0.24101562500000015,0.12890624999999997,0.19062500000000002,0.24414062499999986,0.19882812500000005,0.11210937499999998,0.1046874999999999,0.21406250000000013,0.1949218750000001,0.15507812499999998,0.12421874999999996,12.0,-0.8,20.0,0.21,0.25,0.3,1.0,0.3
7,0.15429687500000008,0.201171875,0.175390625,0.23867187500000006,0.24648437499999995,0.20117187500000008,0.2656250000000002,0.23632812500000008,0.183203125,0.15156250000000002,0.2601562500000001,0.27226562500000007,0.15117187499999998,0.23750000000000013,0.21367187499999998,0.15156250000000002,0.232421875,0.25468749999999996,0.24960937499999997,0.20117187499999997,12.0,-0.8,20.0,0.21,0.25,0.3,1.0,0.3
8,0.12421874999999999,0.14335937499999998,0.15703125000000015,0.14570312500000002,0.16093749999999998,0.191796875,0.10234375000000001,0.08632812499999992,0.14179687500000007,0.22460937500000006,0.10156249999999997,0.07031249999999997,0.11679687500000002,0.10234374999999998,0.27851562500000004,0.23632812500000014,0.23515624999999987,0.20117187500000008,0.15429687499999994,0.16132812500000002,12.0,-0.8,20.0,0.21,0.25,0.3,1.0,0.3
9,0.16328125000000007,0.324609375,0.17382812500000008,0.3218749999999999,0.258203125,0.23320312500000015,0.15156250000000002,0.19687499999999997,0.17578124999999997,0.15117187499999998,0.3339843749999998,0.35117187500000013,0.2714843750000001,0.29374999999999996,0.2500000000000001,0.3167968750000002,0.153515625,0.218359375,0.2500000000000001,0.302734375,12.0,-0.8,20.0,0.21,0.25,0.3,1.0,0.3
10,0.20820312500000007,0.2066406250000001,0.34609375,0.23164062500000002,0.15156250000000002,0.26328125,0.21171875000000007,0.20624999999999996,0.25546875,0.18359375000000008,0.10156249999999997,0.2503906250000001,0.2988281249999999,0.26289062499999993,0.19765625000000006,0.25546875,0.15078125,0.2875,0.2988281250000001,0.30937499999999996,12.0,-0.8,20.0,0.22,0.25,0.3,1.0,0.3
11,0.17578125000000003,0.32148437500000004,0.40390625000000036,0.15976562500000005,0.176171875,0.26328125,0.165625,0.4160156249999998,0.23320312500000004,0.15117187499999998,0.27070312499999993,0.176171875,0.3246093750000001,0.2812500000000002,0.27656250000000004,0.26640625000000007,0.214453125,0.208203125,0.3746093749999998,0.15117187499999998,12.0,-0.8,20.0,0.22,0.25,0.3,1.0,0.3
12,0.22929687500000007,0.18124999999999997,0.27656250000000004,0.168359375,0.1828125,0.175390625,0.3140625,0.25937500000000013,0.1597656250000001,0.344140625,0.19804687500000004,0.160546875,0.25507812500000004,0.201171875,0.21054687499999997,0.28593749999999984,0.1550781250000001,0.21367187499999998,0.27031250000000007,0.20546874999999992,12.0,-0.8,20.0,0.22,0.25,0.3,1.0,0.3
13,0.25078124999999996,0.33984375,0.201171875,0.25937500000000013,0.36210937499999996,0.201171875,0.23203125,0.26093750000000004,0.33710937500000004,0.20078125,0.24882812500000007,0.31718749999999996,0.32343749999999993,0.2871093750000001,0.36015624999999996,0.2660156250000001,0.35234375000000007,0.3832031250000001,0.47304687499999987,0.206640625,12.0,-0.8,20.0,0.22,0.25,0.3,1.0,0.3
14,0.15703124999999998,0.183984375,0.33906249999999993,0.18398437499999995,0.26289062500000004,0.36054687500000016,0.15117187499999998,0.28359375,0.4902343749999998,0.24960937499999997,0.27031249999999996,0.369140625,0.15117187499999998,0.20820312500000013,0.20078125,0.33320312499999993,0.20898437499999997,0.15156250000000002,0.30703125,0.2011718750000001,12.0,-0.8,20.0,0.22,0.25,0.3,1.0,0.3
15,0.2636718749999999,0.20078125,0.19140624999999997,0.17265624999999998,0.31523437499999996,0.387109375,0.15156249999999996,0.3238281249999999,0.25624999999999987,0.10156249999999997,0.38398437500000004,0.12578124999999998,0.24726562500000004,0.2875000000000001,0.226171875,0.2578125,0.26835937499999996,0.275,0.156640625,0.2851562500000001,12.0,-0.8,20.0,0.23,0.25,0.3,1.0,0.3
16,0.1511718750000001,0.21445312500000008,0.273828125,0.20312499999999986,0.15117187499999998,0.2085937500000001,0.15117187499999998,0.2820312500000002,0.15429687500000003,0.21796875000000002,0.24140625000000013,0.20117187500000008,0.15156250000000002,0.21875000000000008,0.2527343750000002,0.228125,0.23554687500000013,0.29921875,0.2953125,0.24804687500000008,12.0,-0.8,20.0,0.23,0.25,0.3,1.0,0.3
17,0.226171875,0.3843749999999998,0.19843750000000007,0.3460937500000001,0.37382812499999996,0.221484375,0.23632812500000008,0.300390625,0.20117187500000008,0.3531249999999999,0.289453125,0.34921875,0.201171875,0.31796875000000024,0.25898437500000004,0.21328125,0.25234375,0.15156250000000002,0.29960937499999996,0.20078125,12.0,-0.8,20.0,0.23,0.25,0.3,1.0,0.3
18,0.24921875,0.15117187499999998,0.15156250000000002,0.34296874999999993,0.201171875,0.25312500000000016,0.3984374999999999,0.21406250000000013,0.18867187499999996,0.24960937499999997,0.22500000000000006,0.275,0.3550781249999999,0.180078125,0.3300781250000001,0.2300781250000001,0.3007812500000001,0.29960937500000007,0.151953125,0.20859375,12.0,-0.8,20.0,0.23,0.25,0.3,1.0,0.3
19,0.22304687500000006,0.25703125000000004,0.36367187499999987,0.308203125,0.21210937500000002,0.257421875,0.2007812500000001,0.2660156250000001,0.16289062499999998,0.314453125,0.29062500000000013,0.2500000000000001,0.17304687500000002,0.2500000000000001,0.2007812500000001,0.2011718750000001,0.27226562500000007,0.15117187499999998,0.300390625,0.27109375000000013,12.0,-0.8,20.0,0.23,0.25,0.3,1.0,0.3
20,0.18789062499999998,0.2015625000000001,0.23515624999999998,0.27421875000000007,0.22539062500000004,0.23671875000000006,0.18671875000000013,0.1515625,0.31796875000000013,0.171484375,0.15156249999999996,0.32773437500000013,0.39765625000000016,0.26171875,0.2351562500000001,0.292578125,0.15117187499999998,0.226171875,0.15117187499999998,0.22578125,12.0,-0.8,20.0,0.24,0.25,0.3,1.0,0.3
21,0.275,0.25468750000000007,0.24765625000000022,0.3011718750000001,0.2894531250000001,0.15156250000000002,0.271875,0.37812500000000004,0.30781250000000004,0.3691406250000001,0.27500000000000013,0.35234375000000007,0.3003906249999999,0.27265625000000004,0.267578125,0.24062499999999995,0.3402343750000001,0.201171875,0.2503906250000001,0.2875000000000001,12.0,-0.8,20.0,0.24,0.25,0.3,1.0,0.3
22,0.24648437500000012,0.175390625,0.28125,0.2632812499999999,0.201171875,0.2007812500000001,0.27226562500000007,0.32148437500000004,0.35039062499999996,0.16289062499999998,0.29960937500000007,0.267578125,0.310546875,0.200390625,0.25703124999999993,0.27265625000000004,0.229296875,0.2574218749999999,0.310546875,0.184375,12.0,-0.8,20.0,0.24,0.25,0.3,1.0,0.3
23,0.3089843750000001,0.25117187500000004,0.306640625,0.2597656250000001,0.20117187500000008,0.281640625,0.201171875,0.201171875,0.31718749999999996,0.46210937500000004,0.2503906250000001,0.201171875,0.20078125,0.27460937500000004,0.35859375000000004,0.22500000000000006,0.2640625000000001,0.3667968749999999,0.27617187500000007,0.3265625,12.0,-0.8,20.0,0.24,0.25,0.3,1.0,0.3
24,0.23867187500000006,0.27070312500000004,0.2070312500000001,0.19140624999999997,0.15156250000000002,0.21093749999999997,0.2910156250000001,0.24960937499999997,0.27421875000000007,0.19648437500000002,0.26015625,0.15117187499999998,0.2503906250000001,0.20820312499999996,0.2988281250000001,0.3398437499999999,0.340234375,0.15156250000000002,0.22968750000000004,0.4367187499999998,12.0,-0.8,20.0,0.24,0.25,0.3,1.0,0.3
25,0.3242187499999999,0.36640624999999993,0.32539062499999993,0.31562500000000004,0.2125,0.34531250000000013,0.281640625,0.201171875,0.3121093749999999,0.43203125,0.473046875,0.40937499999999993,0.27460937500000004,0.20078125,0.21367187499999993,0.3984375,0.24999999999999997,0.30742187500000007,0.34062499999999996,0.20078125,12.0,-0.8,20.0,0.25,0.25,0.3,1.0,0.3
26,0.35468749999999993,0.40117187500000007,0.31757812500000016,0.27070312500000016,0.28593749999999984,0.25078124999999996,0.201171875,0.26679687500000016,0.359375,0.28632812500000004,0.40351562499999993,0.396484375,0.201171875,0.33710937500000004,0.25898437499999993,0.26328125,0.30625000000000013,0.2515625,0.25351562500000013,0.3492187499999999,12.0,-0.8,20.0,0.25,0.25,0.3,1.0,0.3
27,0.34882812500000004,0.246484375,0.30000000000000004,0.25859375000000007,0.361328125,0.24687500000000004,0.22968750000000002,0.30078125,0.2007812500000001,0.2503906250000001,0.22500000000000017,0.201171875,0.276953125,0.15117187499999998,0.31093749999999987,0.275390625,0.2539062500000001,0.36249999999999993,0.5046875000000001,0.26289062500000004,12.0,-0.8,20.0,0.25,0.25,0.3,1.0,0.3
28,0.26679687500000004,0.11953124999999998,0.276953125,0.20078125,0.23671874999999992,0.25507812499999993,0.3515625000000001,0.269921875,0.27500000000000013,0.259375,0.163671875,0.292578125,0.303125,0.15156249999999996,0.15117187499999998,0.18984375000000012,0.20781249999999993,0.34218749999999987,0.3343750000000001,0.15117187499999998,12.0,-0.8,20.0,0.25,0.25,0.3,1.0,0.3
29,0.20078125,0.3691406249999999,0.2007812500000001,0.22421875,0.27890625000000013,0.30195312500000004,0.24960937499999997,0.15156250000000002,0.4378906250000001,0.28046874999999993,0.15117187499999998,0.2500000000000001,0.24960937499999997,0.402734375,0.29414062500000004,0.201171875,0.3378906250000001,0.2503906250000001,0.314453125,0.3605468749999998,12.0,-0.8,20.0,0.25,0.25,0.3,1.0,0.3
30,0.304296875,0.21289062499999986,0.25078125000000007,0.21914062499999998,0.39609375000000024,0.3183593750000001,0.27656249999999993,0.5257812500000005,0.340234375,0.29453125000000013,0.237109375,0.328515625,0.34882812500000004,0.24296874999999993,0.297265625,0.20078125,0.20078125,0.29960937500000007,0.24804687500000008,0.2007812500000001,12.0,-0.8,20.0,0.26,0.25,0.3,1.0,0.3
31,0.20390624999999998,0.3183593749999999,0.38007812499999993,0.28007812499999996,0.306640625,0.29921875,0.38398437500000016,0.347265625,0.201171875,0.29960937500000007,0.3667968749999999,0.34257812500000007,0.29921875,0.15117187499999998,0.201171875,0.20781249999999998,0.297265625,0.201171875,0.3101562499999999,0.3492187499999999,12.0,-0.8,20.0,0.26,0.25,0.3,1.0,0.3
32,0.237890625,0.30781249999999993,0.27070312500000004,0.26250000000000007,0.2496093750000001,0.29375000000000007,0.35664062500000004,0.20625,0.26484374999999993,0.28125,0.2496093750000001,0.3296875,0.312890625,0.32500000000000007,0.3437499999999999,0.348046875,0.34101562500000004,0.293359375,0.22499999999999998,0.20078125,12.0,-0.8,20.0,0.26,0.25,0.3,1.0,0.3
33,0.15898437500000015,0.26289062500000004,0.3257812499999999,0.239453125,0.308203125,0.15117187499999998,0.21914062499999998,0.23515624999999998,0.34257812499999984,0.1546875,0.2476562500000001,0.27304687500000013,0.201171875,0.22539062500000004,0.27851562500000004,0.3011718750000002,0.29921875,0.21679687500000008,0.24726562500000002,0.24882812500000018,12.0,-0.8,20.0,0.26,0.25,0.3,1.0,0.3
34,0.28789062500000007,0.15156250000000002,0.15156250000000002,0.175390625,0.27617187500000007,0.28437500000000016,0.331640625,0.20117187499999997,0.3417968750000001,0.25078125000000007,0.2007812500000001,0.34492187499999993,0.2500000000000001,0.1859375,0.21523437500000017,0.41093750000000007,0.31367187500000004,0.3843749999999999,0.2500000000000001,0.3296874999999999,12.0,-0.8,20.0,0.26,0.25,0.3,1.0,0.3
35,0.32460937499999987,0.29179687499999996,0.39765624999999993,0.36835937499999993,0.16328125000000002,0.259765625,0.21093750000000003,0.22499999999999998,0.3472656249999999,0.26250000000000007,0.26249999999999996,0.2601562500000001,0.25664062499999996,0.34843749999999996,0.3124999999999999,0.448828125,0.20976562500000004,0.22539062500000007,0.30585937500000004,0.2992187500000001,12.0,-0.8,20.0,0.27,0.25,0.3,1.0,0.3
36,0.400390625,0.20078125,0.33085937499999984,0.36953124999999987,0.3183593750000001,0.3062499999999999,0.20390625000000004,0.37382812500000007,0.3042968749999999,0.31796875,0.275,0.361328125,0.484375,0.32109374999999996,0.250390625,0.34375,0.2503906250000001,0.37382812499999996,0.20078125,0.34921875,12.0,-0.8,20.0,0.27,0.25,0.3,1.0,0.3
37,0.2515625,0.3597656250000001,0.20078125,0.23085937500000006,0.45976562499999996,0.29023437500000004,0.3265625,0.2734375,0.36250000000000004,0.15117187499999998,0.21289062499999997,0.355078125,0.25468750000000007,0.27460937499999993,0.26445312500000007,0.39296875,0.42851562499999984,0.22890625000000006,0.21289062499999997,0.2007812500000001,12.0,-0.8,20.0,0.27,0.25,0.3,1.0,0.3
38,0.3140625,0.4667968749999999,0.22851562499999997,0.30156249999999996,0.29921875,0.275,0.29960937500000007,0.36015624999999996,0.3984375,0.20312499999999997,0.23984374999999997,0.35468749999999993,0.3027343749999999,0.22617187499999997,0.201171875,0.27226562500000007,0.2832031249999999,0.21718750000000006,0.2843749999999998,0.2109375,12.0,-0.8,20.0,0.27,0.25,0.3,1.0,0.3
39,0.250390625,0.29999999999999993,0.33281249999999996,0.341796875,0.26249999999999984,0.3070312500000001,0.39374999999999993,0.2503906250000001,0.250390625,0.3363281250000001,0.32499999999999996,0.20078125,0.2500000000000001,0.34257812499999996,0.39570312500000004,0.43085937500000004,0.3984375,0.33671875000000007,0.34101562500000004,0.20078125,12.0,-0.8,20.0,0.27,0.25,0.3,1.0,0.3
40,0.2125000000000001,0.2890625,0.3078124999999998,0.2007812500000001,0.3667968749999999,0.415625,0.32929687500000004,0.33203125,0.392578125,0.30546875000000007,0.33125000000000004,0.2871093750000001,0.39335937499999996,0.28945312499999987,0.20078125,0.3734375,0.255859375,0.312109375,0.29999999999999993,0.20078125,12.0,-0.8,20.0,0.28,0.25,0.3,1.0,0.3
41,0.34882812500000004,0.27460937500000004,0.29023437500000004,0.27265625000000004,0.3578125000000001,0.20078125,0.237890625,0.284765625,0.2519531250000001,0.34687500000000004,0.2722656250000002,0.32148437500000004,0.39921874999999996,0.201171875,0.41171875,0.34843749999999984,0.29960937500000007,0.15117187499999998,0.2968749999999999,0.250390625,12.0,-0.8,20.0,0.28,0.25,0.3,1.0,0.3
42,0.34296874999999993,0.23203125,0.2015625,0.28671875,0.241796875,0.297265625,0.2500000000000001,0.23203125,0.419921875,0.3046874999999999,0.28632812500000004,0.20078125000000002,0.29023437500000004,0.26093750000000004,0.26679687499999993,0.27460937500000004,0.22851562499999997,0.251953125,0.31171875000000004,0.20039062500000013,12.0,-0.8,20.0,0.28,0.25,0.3,1.0,0.3
43,0.46250000000000013,0.31914062500000007,0.23281249999999998,0.37382812499999996,0.3148437500000001,0.24218749999999997,0.2992187500000001,0.20312500000000006,0.2507812500000002,0.28085937500000013,0.32578125000000013,0.3628906249999999,0.34257812499999984,0.337890625,0.362890625,0.33124999999999993,0.20078125,0.20078125,0.29765625000000007,0.21796875000000002,12.0,-0.8,20.0,0.28,0.25,0.3,1.0,0.3
44,0.24921875000000004,0.273828125,0.24062500000000006,0.31328125000000007,0.17304687500000002,0.46328125,0.22539062499999998,0.33906249999999993,0.16210937500000003,0.41640624999999987,0.29960937499999996,0.20117187499999997,0.24609375000000008,0.15117187499999998,0.29414062500000004,0.18749999999999997,0.39375000000000004,0.21015625,0.2457031250000001,0.21328125000000006,12.0,-0.8,20.0,0.28,0.25,0.3,1.0,0.3
45,0.24960937499999997,0.392578125,0.365234375,0.200390625,0.3023437499999999,0.201171875,0.29921875,0.30195312499999993,0.31796875,0.2476562500000001,0.40742187500000004,0.22578125,0.236328125,0.26093750000000004,0.25859375000000007,0.201171875,0.34882812500000004,0.39960937500000004,0.34062499999999996,0.20117187499999997,12.0,-0.8,20.0,0.29,0.25,0.3,1.0,0.3
46,0.24999999999999997,0.222265625,0.3085937500000001,0.37968750000000007,0.30859375,0.36210937499999984,0.32695312500000007,0.21328125,0.328125,0.201171875,0.269140625,0.201171875,0.25546875,0.41523437500000004,0.250390625,0.32851562499999987,0.371484375,0.35273437499999993,0.2125,0.465234375,12.0,-0.8,20.0,0.29,0.25,0.3,1.0,0.3
47,0.3179687499999999,0.32109375000000007,0.3453125,0.417578125,0.31132812500000007,0.22382812500000002,0.358984375,0.306640625,0.26679687500000004,0.344140625,0.3121093749999999,0.353515625,0.31132812499999996,0.35234374999999996,0.250390625,0.20078125,0.333984375,0.465234375,0.29960937500000007,0.33867187499999996,12.0,-0.8,20.0,0.29,0.25,0.3,1.0,0.3
48,0.23242187499999997,0.23828124999999997,0.2125,0.15898437499999998,0.15156250000000002,0.20078125,0.38164062499999996,0.3339843750000002,0.33671875000000007,0.29960937500000007,0.2558593749999999,0.22382812499999996,0.34921875,0.18671875000000002,0.20117187500000008,0.30117187499999987,0.32265625,0.464453125,0.21953124999999998,0.2605468750000002,12.0,-0.8,20.0,0.29,0.25,0.3,1.0,0.3
49,0.20078125,0.22499999999999998,0.20078125,0.26835937499999996,0.446875,0.34375,0.20078125,0.3734375000000001,0.5593750000000003,0.33828124999999987,0.29960937500000007,0.34882812500000004,0.353515625,0.29960937500000007,0.250390625,0.250390625,0.29999999999999993,0.29999999999999993,0.265625,0.30000000000000004,12.0,-0.8,20.0,0.29,0.25,0.3,1.0,0.3
50,0.20078125,0.2007812500000001,0.25078124999999996,0.2441406250000001,0.29023437500000004,0.322265625,0.25078125000000007,0.28125,0.34453124999999996,0.19921875000000003,0.31132812499999996,0.36210937499999984,0.250390625,0.30195312499999993,0.34062499999999996,0.29570312499999984,0.2886718749999999,0.38984374999999993,0.2503906250000001,0.2656250000000001,12.0,-0.8,20.0,0.3,0.25,0.3,1.0,0.3
51,0.28281250000000013,0.25312500000000004,0.25507812499999993,0.2968750000000001,0.22499999999999998,0.384375,0.15117187499999998,0.32265625,0.4296874999999998,0.40117187500000007,0.3980468749999999,0.20117187499999997,0.3109375000000001,0.30078125,0.369140625,0.33359375,0.334375,0.33867187499999996,0.29960937500000007,0.34843749999999996,12.0,-0.8,20.0,0.3,0.25,0.3,1.0,0.3
52,0.3539062500000002,0.29960937500000007,0.38515625,0.23476562500000006,0.2816406250000001,0.33515625000000004,0.23828124999999997,0.2777343750000001,0.330078125,0.24765624999999997,0.23476562500000006,0.20078125,0.208203125,0.301171875,0.298828125,0.29960937499999996,0.358984375,0.3292968749999998,0.29960937500000007,0.36562499999999987,12.0,-0.8,20.0,0.3,0.25,0.3,1.0,0.3
53,0.201171875,0.300390625,0.3363281250000001,0.3335937499999999,0.201171875,0.2832031249999999,0.29414062500000004,0.5660156250000004,0.17656250000000004,0.201171875,0.32499999999999996,0.201171875,0.24374999999999997,0.363671875,0.20078125,0.2992187500000001,0.201171875,0.3437500000000002,0.41640624999999987,0.2515625,12.0,-0.8,20.0,0.3,0.25,0.3,1.0,0.3
54,0.29570312500000007,0.3453125,0.3394531249999999,0.29179687499999996,0.25078124999999996,0.201171875,0.15117187499999998,0.31132812499999996,0.168359375,0.20351562499999992,0.3421875,0.298828125,0.37226562500000004,0.201171875,0.29765625000000007,0.3460937500000001,0.2500000000000001,0.26093749999999993,0.2972656250000002,0.3492187499999999,12.0,-0.8,20.0,0.3,0.25,0.3,1.0,0.3
55,0.16289062499999998,0.2007812500000001,0.46757812499999996,0.33085937500000007,0.3304687500000001,0.30351562500000007,0.28593750000000007,0.2214843750000001,0.31523437500000007,0.29960937500000007,0.44179687499999987,0.3277343749999999,0.3374999999999999,0.201171875,0.25078125000000007,0.29960937499999996,0.34921875,0.328125,0.3785156249999999,0.2722656250000002,12.0,-0.8,20.0,0.31,0.25,0.3,1.0,0.3
56,0.222265625,0.201171875,0.427734375,0.39960937500000004,0.35078125000000004,0.4535156250000001,0.328125,0.34648437499999996,0.32382812500000013,0.21718750000000006,0.347265625,0.3316406249999999,0.44375,0.38750000000000007,0.2617187500000001,0.32734375000000004,0.20078125,0.250390625,0.32265625,0.20078125,12.0,-0.8,20.0,0.31,0.25,0.3,1.0,0.3
57,0.37226562500000016,0.46171875000000007,0.29960937500000007,0.250390625,0.3832031250000001,0.390625,0.32929687499999993,0.4312499999999999,0.39453125,0.359375,0.34921875,0.20078125,0.280859375,0.34882812500000004,0.41640625,0.34882812500000004,0.250390625,0.4800781249999999,0.4628906249999999,0.25468750000000007,12.0,-0.8,20.0,0.31,0.25,0.3,1.0,0.3
58,0.3347656250000002,0.3394531249999999,0.3140625,0.38046875,0.31718749999999996,0.3062499999999999,0.355859375,0.31523437500000007,0.38007812500000004,0.32421875,0.20078125,0.250390625,0.20078125,0.2503906250000001,0.3128906250000001,0.36015624999999996,0.359375,0.250390625,0.34882812500000004,0.5128906249999998,12.0,-0.8,20.0,0.31,0.25,0.3,1.0,0.3
59,0.36328125,0.29960937500000007,0.31367187499999993,0.3496093750000001,0.30000000000000004,0.37890625,0.370703125,0.29960937500000007,0.20078125,0.2503906250000001,0.32734374999999993,0.2503906250000001,0.20078125,0.250390625,0.32304687499999996,0.46132812499999987,0.33203125,0.32929687500000004,0.31640625,0.464453125,12.0,-0.8,20.0,0.31,0.25,0.3,1.0,0.3
60,0.41875000000000007,0.39140624999999984,0.4046875000000002,0.30156250000000007,0.27421874999999996,0.3109375,0.20078125,0.3136718749999998,0.3339843749999999,0.45429687500000016,0.20078125,0.43476562499999993,0.35234374999999996,0.3828125,0.32304687499999996,0.25117187500000004,0.250390625,0.4058593749999999,0.34921875,0.37773437499999996,12.0,-0.8,20.0,0.32,0.25,0.3,1.0,0.3
61,0.4570312500000001,0.3355468749999999,0.29414062500000004,0.24414062499999997,0.20078125,0.24921875,0.5781250000000002,0.505859375,0.2500000000000001,0.36445312499999993,0.36835937499999993,0.20234375,0.250390625,0.2992187500000001,0.34882812500000004,0.2753906249999999,0.35703125,0.20078125,0.2523437500000001,0.26835937500000007,12.0,-0.8,20.0,0.32,0.25,0.3,1.0,0.3
62,0.35546875,0.20625,0.2886718749999999,0.288671875,0.38593750000000016,0.2949218750000001,0.4425781249999998,0.37812500000000004,0.43593749999999987,0.33906250000000004,0.32929687499999993,0.2773437499999999,0.24999999999999997,0.3429687499999998,0.31367187500000016,0.39453125,0.2976562500000002,0.250390625,0.250390625,0.365625,12.0,-0.8,20.0,0.32,0.25,0.3,1.0,0.3
63,0.3277343749999999,0.37031249999999993,0.2753906249999999,0.31328125000000007,0.29921875,0.21914062499999995,0.328515625,0.20078125,0.31640625,0.43476562500000027,0.32929687500000004,0.24999999999999997,0.26249999999999996,0.31562500000000004,0.29960937499999996,0.31171874999999993,0.201171875,0.3550781249999999,0.3824218749999999,0.27421875000000007,12.0,-0.8,20.0,0.32,0.25,0.3,1.0,0.3
64,0.29765624999999996,0.25078125000000007,0.46367187499999996,0.31914062499999996,0.36640625000000004,0.29609374999999993,0.386328125,0.33125000000000004,0.33125000000000004,0.34296874999999993,0.4394531250000001,0.20078125,0.33476562499999996,0.3296874999999999,0.2968750000000001,0.28984375000000007,0.387109375,0.42421875,0.336328125,0.29999999999999993,12.0,-0.8,20.0,0.32,0.25,0.3,1.0,0.3
65,0.31914062500000007,0.4449218749999999,0.32499999999999996,0.20078125,0.3066406249999999,0.40664062499999987,0.39882812499999987,0.250390625,0.21289062499999997,0.25078125000000007,0.35703125,0.250390625,0.2539062500000001,0.328515625,0.3828125,0.20078125,0.25468749999999996,0.20078125,0.32734374999999993,0.4222656250000001,12.0,-0.8,20.0,0.33,0.25,0.3,1.0,0.3
66,0.3394531249999999,0.250390625,0.3320312499999999,0.29960937499999996,0.33437499999999987,0.3476562499999999,0.452734375,0.353515625,0.37382812500000007,0.46562499999999996,0.421875,0.383203125,0.374609375,0.250390625,0.34492187500000004,0.250390625,0.45429687499999993,0.48554687499999993,0.34921875,0.39921874999999996,12.0,-0.8,20.0,0.33,0.25,0.3,1.0,0.3
67,0.33867187499999996,0.30078125,0.35,0.31328124999999996,0.2875000000000001,0.40937499999999993,0.310546875,0.250390625,0.250390625,0.3062499999999999,0.30000000000000004,0.31328124999999996,0.302734375,0.3003906249999999,0.20078125,0.36171874999999987,0.250390625,0.3296874999999999,0.30000000000000004,0.29960937500000007,12.0,-0.8,20.0,0.33,0.25,0.3,1.0,0.3
68,0.29218750000000004,0.37578124999999996,0.37773437499999996,0.33710937500000004,0.30000000000000004,0.29960937500000007,0.29179687499999996,0.4277343749999999,0.250390625,0.3453124999999999,0.292578125,0.20078125,0.26796875,0.31562499999999993,0.37382812500000007,0.250390625,0.40546874999999993,0.250390625,0.34921875,0.4335937500000001,12.0,-0.8,20.0,0.33,0.25,0.3,1.0,0.3
69,0.3410156249999998,0.30000000000000004,0.41289062500000007,0.29296875,0.36445312500000004,0.3906249999999999,0.3414062499999999,0.38125,0.349609375,0.250390625,0.20078125,0.269921875,0.34921875,0.29960937499999996,0.3003906249999999,0.345703125,0.2929687499999999,0.250390625,0.25664062499999996,0.42304687500000004,12.0,-0.8,20.0,0.33,0.25,0.3,1.0,0.3
70,0.4074218749999998,0.24414062499999997,0.287109375,0.3749999999999999,0.2832031249999998,0.21562499999999998,0.25078125000000007,0.28789062500000007,0.2500000000000001,0.3070312500000001,0.42109375000000004,0.29218750000000004,0.3476562499999999,0.36171875,0.225,0.250390625,0.3847656249999999,0.15664062499999998,0.3238281249999999,0.3500000000000001,12.0,-0.8,20.0,0.34,0.25,0.3,1.0,0.3
71,0.387109375,0.20078125,0.2992187500000001,0.49531250000000004,0.4730468750000001,0.30000000000000004,0.448828125,0.3339843749999999,0.22499999999999998,0.3398437499999999,0.250390625,0.34648437499999996,0.41718749999999993,0.22499999999999998,0.334375,0.486328125,0.49921874999999993,0.250390625,0.402734375,0.29960937500000007,12.0,-0.8,20.0,0.34,0.25,0.3,1.0,0.3
72,0.3160156249999999,0.30937499999999996,0.3636718750000001,0.33046875,0.2500000000000001,0.2992187500000001,0.40351562500000004,0.29960937500000007,0.250390625,0.2992187500000001,0.362890625,0.37382812499999996,0.3296874999999999,0.29960937500000007,0.36250000000000004,0.42265625000000007,0.250390625,0.2992187500000001,0.473046875,0.40078124999999987,12.0,-0.8,20.0,0.34,0.25,0.3,1.0,0.3
73,0.187109375,0.476953125,0.33085937499999996,0.20078125,0.2503906250000001,0.3164062499999999,0.357421875,0.2500000000000001,0.34023437499999987,0.36953125,0.44453125000000004,0.3316406249999999,0.37968750000000007,0.250390625,0.38007812500000004,0.30976562499999993,0.4019531249999999,0.45585937499999996,0.25078124999999996,0.41132812499999993,12.0,-0.8,20.0,0.34,0.25,0.3,1.0,0.3
74,0.3261718749999999,0.29804687499999993,0.326171875,0.355078125,0.31367187500000004,0.3804687499999999,0.250390625,0.29609375000000004,0.32148437499999993,0.38749999999999996,0.33320312499999993,0.2875000000000001,0.250390625,0.3886718750000001,0.394921875,0.20078125,0.34257812499999984,0.250390625,0.23710937500000004,0.250390625,12.0,-0.8,20.0,0.34,0.25,0.3,1.0,0.3
75,0.33476562499999996,0.250390625,0.31875,0.359765625,0.250390625,0.43125,0.250390625,0.34921875,0.20937500000000006,0.39531249999999996,0.45546875,0.29960937500000007,0.3339843750000001,0.320703125,0.4296875,0.4136718749999999,0.3316406249999999,0.3734375,0.3316406249999999,0.30156249999999996,12.0,-0.8,20.0,0.35,0.25,0.3,1.0,0.3
76,0.201171875,0.273046875,0.3265625000000001,0.29960937500000007,0.2335937500000001,0.3667968749999999,0.30781250000000016,0.46367187500000007,0.3320312500000001,0.24804687499999997,0.3753906250000001,0.32382812500000013,0.348046875,0.29999999999999993,0.35468749999999993,0.2503906250000001,0.30976562500000004,0.33632812499999987,0.32109374999999996,0.20078125,12.0,-0.8,20.0,0.35,0.25,0.3,1.0,0.3
77,0.3257812499999999,0.3714843750000001,0.36054687499999993,0.29960937499999996,0.26054687500000007,0.3609374999999999,0.43476562499999993,0.4765625,0.34921875,0.32539062499999993,0.34921875,0.36328125,0.4703125,0.2503906250000001,0.44843749999999993,0.4820312499999998,0.29999999999999993,0.349609375,0.30000000000000004,0.30000000000000004,12.0,-0.8,20.0,0.35,0.25,0.3,1.0,0.3
78,0.32929687499999993,0.29960937499999996,0.5394531250000002,0.21367187499999998,0.3199218749999999,0.34882812500000004,0.30195312500000004,0.32148437500000016,0.36835937500000004,0.250390625,0.36835937500000004,0.312109375,0.250390625,0.2992187500000001,0.3265625,0.30546875000000007,0.3320312500000001,0.250390625,0.43007812499999987,0.32539062499999993,12.0,-0.8,20.0,0.35,0.25,0.3,1.0,0.3
79,0.2890624999999999,0.250390625,0.43242187500000007,0.4515625,0.3257812499999999,0.49687500000000007,0.284765625,0.4398437500000001,0.37031249999999993,0.32734374999999993,0.32890624999999996,0.29414062499999993,0.3863281249999999,0.3261718749999999,0.36328125,0.507421875,0.40546874999999993,0.2632812499999999,0.478125,0.250390625,12.0,-0.8,20.0,0.35,0.25,0.3,1.0,0.3
80,0.316796875,0.3906249999999999,0.37734375,0.32695312500000007,0.38203125000000004,0.45585937499999984,0.27460937500000004,0.3804687499999999,0.3847656249999999,0.38906249999999987,0.3242187499999999,0.32109374999999996,0.33359375,0.4117187499999999,0.4878906249999999,0.45351562499999987,0.29999999999999993,0.250390625,0.250390625,0.250390625,12.0,-0.8,20.0,0.36,0.25,0.3,1.0,0.3
81,0.273828125,0.3339843750000001,0.20078125,0.33085937499999984,0.38789062499999993,0.46367187500000007,0.20078125,0.30742187499999984,0.4277343749999999,0.316796875,0.3867187499999999,0.38359375000000007,0.25742187500000013,0.273046875,0.32421875,0.20078125,0.5378906250000002,0.355078125,0.2503906250000001,0.21953125000000004,12.0,-0.8,20.0,0.36,0.25,0.3,1.0,0.3
82,0.3804687499999999,0.33476562499999996,0.332421875,0.45820312499999993,0.353515625,0.27421875000000007,0.42695312499999993,0.20078125,0.33320312499999993,0.34648437500000007,0.3714843750000001,0.32578125,0.20078125,0.428125,0.2500000000000001,0.29999999999999993,0.29960937500000007,0.34882812500000004,0.38203125000000004,0.349609375,12.0,-0.8,20.0,0.36,0.25,0.3,1.0,0.3
83,0.36875,0.3789062499999999,0.2503906250000001,0.36640625000000004,0.44296875,0.43125,0.487890625,0.33632812499999987,0.382421875,0.20078125,0.374609375,0.37968750000000007,0.453515625,0.37421874999999993,0.334375,0.36249999999999993,0.398828125,0.34921875,0.250390625,0.250390625,12.0,-0.8,20.0,0.36,0.25,0.3,1.0,0.3
84,0.4234374999999999,0.250390625,0.38007812499999993,0.20078125,0.2796875,0.45039062500000004,0.33671874999999996,0.38359374999999984,0.3828125,0.3750000000000001,0.31093749999999987,0.351171875,0.3441406250000001,0.4648437499999999,0.34921875,0.3109375000000001,0.3179687499999999,0.25078124999999996,0.44804687499999996,0.29999999999999993,12.0,-0.8,20.0,0.36,0.25,0.3,1.0,0.3
85,0.250390625,0.42109375000000004,0.42656249999999996,0.4042968749999999,0.43046874999999996,0.36796875000000007,0.29999999999999993,0.29999999999999993,0.4332031249999999,0.4296875,0.421875,0.24531250000000002,0.30000000000000004,0.41796875,0.29960937500000007,0.370703125,0.250390625,0.3,0.3,0.3,12.0,-0.8,20.0,0.37,0.25,0.3,1.0,0.3
86,0.42109374999999993,0.38945312499999984,0.34882812500000004,0.391015625,0.32304687500000007,0.380859375,0.358984375,0.47539062499999996,0.250390625,0.250390625,0.38749999999999996,0.39335937499999996,0.34921875,0.30000000000000004,0.4039062499999999,0.4140625,0.250390625,0.30000000000000004,0.390234375,0.30000000000000004,12.0,-0.8,20.0,0.37,0.25,0.3,1.0,0.3
87,0.3203125,0.27460937500000004,0.24414062499999997,0.3296874999999999,0.250390625,0.284765625,0.328125,0.25078124999999996,0.29999999999999993,0.4136718749999998,0.53515625,0.29999999999999993,0.34921875,0.5335937500000001,0.3316406249999999,0.349609375,0.36875,0.345703125,0.287109375,0.349609375,12.0,-0.8,20.0,0.37,0.25,0.3,1.0,0.3
88,0.4191406249999998,0.31914062499999996,0.494140625,0.4097656249999999,0.37578125000000007,0.505078125,0.33085937499999996,0.33281250000000007,0.250390625,0.20078125,0.30976562499999993,0.537890625,0.4234374999999999,0.4222656250000001,0.36210937500000007,0.3,0.3,0.3,0.3,0.3,12.0,-0.8,20.0,0.37,0.25,0.3,1.0,0.3
89,0.331640625,0.2914062500000001,0.31953124999999993,0.3242187500000001,0.37929687499999987,0.26484375000000004,0.4007812500000002,0.384375,0.3785156249999999,0.32539062499999993,0.4707031250000001,0.31953124999999993,0.3203125000000001,0.25468749999999996,0.20078125,0.30000000000000004,0.37617187500000004,0.2125,0.32539062499999993,0.46796875000000004,12.0,-0.8,20.0,0.37,0.25,0.3,1.0,0.3
90,0.3062499999999999,0.20078125,0.40742187499999993,0.32109374999999996,0.33359375,0.43789062499999987,0.40507812499999996,0.49179687500000013,0.3144531249999999,0.3316406249999999,0.3121093749999999,0.2925781249999999,0.42617187499999987,0.38671875,0.3277343749999999,0.380859375,0.34375,0.46562499999999996,0.3,0.3,12.0,-0.8,20.0,0.38,0.25,0.3,1.0,0.3
91,0.3746093749999999,0.371484375,0.36210937499999996,0.3203125,0.29960937500000007,0.3984375,0.35,0.45742187499999987,0.44882812500000013,0.369140625,0.35,0.5242187500000001,0.250390625,0.351953125,0.34921875,0.26054687500000007,0.3,0.3,0.3,0.3,12.0,-0.8,20.0,0.38,0.25,0.3,1.0,0.3
92,0.40937500000000016,0.4828125000000002,0.33281250000000007,0.39453125,0.33164062500000013,0.250390625,0.36015625000000007,0.29960937500000007,0.38789062500000004,0.3617187500000001,0.20078125,0.5,0.29960937500000007,0.38749999999999996,0.29960937500000007,0.4179687499999999,0.46757812499999996,0.250390625,0.3984375,0.42421874999999987,12.0,-0.8,20.0,0.38,0.25,0.3,1.0,0.3
93,0.3023437499999999,0.250390625,0.3023437499999999,0.543359375,0.4199218749999999,0.4042968750000001,0.24218749999999997,0.30312499999999987,0.4175781249999999,0.312890625,0.3066406249999999,0.36054687499999993,0.3824218749999999,0.3144531249999999,0.38554687499999996,0.29960937500000007,0.435546875,0.44492187500000013,0.3,0.3,12.0,-0.8,20.0,0.38,0.25,0.3,1.0,0.3
94,0.36250000000000004,0.20078125,0.250390625,0.250390625,0.29960937499999996,0.27460937500000004,0.5136718750000001,0.31875,0.31718749999999996,0.416015625,0.3433593749999999,0.428125,0.34140625,0.358984375,0.31875,0.49296874999999996,0.257421875,0.45625000000000004,0.398828125,0.44609374999999996,12.0,-0.8,20.0,0.38,0.25,0.3,1.0,0.3
95,0.332421875,0.35625000000000007,0.3242187499999999,0.345703125,0.327734375,0.30937499999999996,0.2503906250000001,0.328125,0.30781249999999993,0.27460937499999993,0.29960937500000007,0.29960937500000007,0.4535156250000001,0.3496093749999999,0.40507812499999996,0.250390625,0.29999999999999993,0.29999999999999993,0.29999999999999993,0.29960937500000007,12.0,-0.8,20.0,0.39,0.25,0.3,1.0,0.3
96,0.34843749999999996,0.5742187500000001,0.4472656249999999,0.20078125,0.250390625,0.29960937500000007,0.4742187499999999,0.39921874999999984,0.421875,0.32539062499999993,0.250390625,0.49765625000000013,0.250390625,0.250390625,0.29960937500000007,0.3726562499999999,0.250390625,0.29960937500000007,0.362890625,0.26289062500000004,12.0,-0.8,20.0,0.39,0.25,0.3,1.0,0.3
97,0.2503906250000001,0.44453124999999993,0.37617187500000016,0.37031250000000004,0.41679687499999984,0.3617187500000001,0.33281250000000007,0.34882812500000004,0.5242187499999998,0.3851562500000001,0.2503906250000001,0.2503906250000001,0.27890625,0.29999999999999993,0.344140625,0.30000000000000004,0.435546875,0.34882812500000004,0.357421875,0.250390625,12.0,-0.8,20.0,0.39,0.25,0.3,1.0,0.3
98,0.31875,0.3394531249999999,0.369140625,0.34921875,0.36015625000000007,0.3476562500000001,0.30195312499999993,0.42500000000000004,0.3066406249999999,0.3902343749999999,0.24687500000000004,0.29999999999999993,0.29960937500000007,0.35039062499999996,0.47929687499999996,0.410546875,0.29999999999999993,0.41679687499999996,0.3,0.3,12.0,-0.8,20.0,0.39,0.25,0.3,1.0,0.3
99,0.33828124999999987,0.39296875,0.36093750000000013,0.318359375,0.41523437500000004,0.41171875,0.2992187500000001,0.400390625,0.44609375000000007,0.32929687499999993,0.2992187500000001,0.250390625,0.250390625,0.20078125,0.48984375000000013,0.3734375,0.20078125,0.4160156249999999,0.33515625000000004,0.36249999999999993,12.0,-0.8,20.0,0.39,0.25,0.3,1.0,0.3
100,0.4199218749999998,0.24726562499999996,0.25703124999999993,0.34921875,0.34492187499999993,0.31132812499999996,0.44609374999999996,0.39726562500000007,0.3402343750000001,0.353125,0.375,0.412109375,0.4394531249999999,0.437890625,0.45078125,0.29960937500000007,0.4765624999999999,0.3453124999999999,0.30000000000000004,0.30000000000000004,12.0,-0.8,20.0,0.4,0.25,0.3,1.0,0.3
101,0.371484375,0.345703125,0.34453125000000007,0.24453124999999995,0.343359375,0.391015625,0.294921875,0.29570312499999996,0.318359375,0.2925781249999999,0.421484375,0.4359375,0.29999999999999993,0.30000000000000004,0.29999999999999993,0.3984375,0.3984375,0.34921875,0.4488281249999999,0.349609375,12.0,-0.8,20.0,0.4,0.25,0.3,1.0,0.3
102,0.36796875000000007,0.31875,0.30937499999999996,0.289453125,0.3101562499999999,0.20078125,0.3511718749999999,0.4265625000000002,0.45546875,0.29960937499999996,0.29960937500000007,0.40312499999999996,0.45078125000000024,0.33046874999999987,0.29960937500000007,0.32539062499999993,0.29960937500000007,0.32499999999999996,0.30000000000000004,0.398828125,12.0,-0.8,20.0,0.4,0.25,0.3,1.0,0.3
103,0.294921875,0.2503906250000001,0.34882812500000004,0.3082031249999999,0.5300781250000001,0.333984375,0.312890625,0.27656250000000004,0.312890625,0.458984375,0.30742187499999996,0.36171875,0.375,0.37031250000000004,0.349609375,0.375,0.29999999999999993,0.3,0.3,0.3,12.0,-0.8,20.0,0.4,0.25,0.3,1.0,0.3
104,0.35703125,0.35039062499999996,0.30625,0.302734375,0.31328124999999996,0.2753906249999999,0.22499999999999998,0.36601562499999996,0.49531250000000004,0.250390625,0.34921875,0.250390625,0.39570312500000004,0.20078125,0.425390625,0.40546875000000004,0.34921875,0.37578125000000007,0.29960937500000007,0.39921874999999996,12.0,-0.8,20.0,0.4,0.25,0.3,1.0,0.3
105,0.4304687500000003,0.38554687499999996,0.46757812499999984,0.42656250000000007,0.34921875,0.30976562500000004,0.29960937500000007,0.37421874999999993,0.46875,0.42734375,0.46757812499999996,0.250390625,0.30000000000000004,0.41679687499999996,0.250390625,0.42460937499999996,0.29179687499999996,0.42460937499999996,0.3,0.3,12.0,-0.8,20.0,0.41,0.25,0.3,1.0,0.3
106,0.275390625,0.250390625,0.38125,0.2503906250000001,0.38164062499999984,0.34882812500000004,0.4472656250000002,0.343359375,0.43828124999999984,0.478515625,0.292578125,0.294921875,0.29999999999999993,0.409765625,0.250390625,0.250390625,0.44179687499999987,0.380859375,0.4046875,0.34687499999999993,12.0,-0.8,20.0,0.41,0.25,0.3,1.0,0.3
107,0.34492187500000004,0.548046875,0.4144531250000002,0.321875,0.41445312499999987,0.3472656249999998,0.328515625,0.41132812500000004,0.34921875,0.35781249999999987,0.4117187499999999,0.30000000000000004,0.250390625,0.4234375,0.3,0.3,0.3,0.3,0.3,0.3,12.0,-0.8,20.0,0.41,0.25,0.3,1.0,0.3
108,0.3906250000000001,0.32148437500000004,0.41914062500000004,0.3160156249999999,0.20078125,0.5015625000000001,0.29374999999999996,0.38789062500000004,0.365234375,0.4027343750000001,0.42578125,0.349609375,0.39179687499999993,0.37773437499999996,0.31328124999999996,0.375,0.3,0.3,0.3,0.3,12.0,-0.8,20.0,0.41,0.25,0.3,1.0,0.3
109,0.2523437500000001,0.31914062499999996,0.29960937500000007,0.37734374999999987,0.38164062499999996,0.35703125,0.490234375,0.34921875,0.32539062499999993,0.29999999999999993,0.4964843750000001,0.5492187500000001,0.22499999999999998,0.404296875,0.3183593750000001,0.437109375,0.417578125,0.250390625,0.3,0.3,12.0,-0.8,20.0,0.41,0.25,0.3,1.0,0.3
110,0.2503906250000001,0.5546874999999999,0.4101562499999999,0.47148437499999996,0.36992187499999996,0.48398437500000013,0.40312499999999996,0.3851562500000001,0.33281249999999996,0.33867187499999996,0.4746093749999999,0.44999999999999984,0.2046875,0.44609374999999996,0.3,0.3,0.3,0.3,0.3,0.3,12.0,-0.8,20.0,0.42,0.25,0.3,1.0,0.3
111,0.36250000000000004,0.43671875000000004,0.4546875,0.39921875000000007,0.46757812500000007,0.36992187500000007,0.47343749999999996,0.37929687499999987,0.33281250000000007,0.34882812500000004,0.406640625,0.40156249999999993,0.39921874999999996,0.349609375,0.3,0.3,0.3,0.3,0.3,0.3,12.0,-0.8,20.0,0.42,0.25,0.3,1.0,0.3
112,0.20078125,0.2503906250000001,0.32695312499999996,0.33046874999999987,0.20078125,0.40468749999999987,0.343359375,0.45390624999999996,0.43671875000000004,0.5035156250000001,0.43671874999999993,0.4394531249999999,0.25117187500000004,0.32734374999999993,0.20078125,0.30859375,0.30000000000000004,0.250390625,0.46171874999999996,0.3984375,12.0,-0.8,20.0,0.42,0.25,0.3,1.0,0.3
113,0.3890625,0.3374999999999999,0.37187500000000007,0.382421875,0.4761718749999998,0.445703125,0.2753906249999999,0.281640625,0.32148437499999993,0.351953125,0.4371093749999999,0.29999999999999993,0.39179687499999993,0.42109374999999993,0.250390625,0.31328124999999996,0.44843749999999993,0.396875,0.4488281249999999,0.398828125,12.0,-0.8,20.0,0.42,0.25,0.3,1.0,0.3
114,0.46601562500000004,0.2953125,0.287109375,0.29023437499999993,0.27460937500000004,0.2500000000000001,0.3597656250000001,0.47539062500000007,0.339453125,0.43046874999999996,0.4335937500000001,0.478515625,0.43085937500000004,0.4101562499999999,0.349609375,0.349609375,0.3,0.349609375,0.3,0.3,12.0,-0.8,20.0,0.42,0.25,0.3,1.0,0.3
115,0.363671875,0.21640625,0.37187499999999996,0.3785156249999998,0.20078125,0.5269531250000001,0.4062499999999999,0.20078125,0.5066406250000001,0.36250000000000004,0.41484374999999996,0.46953124999999984,0.250390625,0.38749999999999996,0.421484375,0.43046874999999996,0.4117187499999999,0.398828125,0.39335937499999996,0.3,12.0,-0.8,20.0,0.43,0.25,0.3,1.0,0.3
116,0.5011718749999999,0.3535156249999999,0.30351562499999996,0.3066406249999999,0.30351562499999996,0.3066406249999999,0.5019531249999999,0.30351562499999996,0.3066406249999999,0.40507812499999996,0.34257812500000007,0.2046875,0.5066406250000001,0.250390625,0.4761718749999999,0.345703125,0.42304687500000004,0.33867187499999996,0.3,0.3,12.0,-0.8,20.0,0.43,0.25,0.3,1.0,0.3
117,0.22734375000000004,0.312890625,0.31367187499999993,0.250390625,0.5460937499999999,0.2875,0.34375,0.27460937500000004,0.3652343749999999,0.2929687499999999,0.48124999999999996,0.35703125,0.3886718749999999,0.250390625,0.27460937500000004,0.28125,0.5160156250000002,0.458984375,0.404296875,0.250390625,12.0,-0.8,20.0,0.43,0.25,0.3,1.0,0.3
118,0.415625,0.3023437499999999,0.31953125000000004,0.37812499999999993,0.4066406250000001,0.4585937499999999,0.437109375,0.31953124999999993,0.25859375000000007,0.41953125,0.32539062499999993,0.37968750000000007,0.43281249999999993,0.32695312499999996,0.36171874999999987,0.30000000000000004,0.250390625,0.39921874999999996,0.39921874999999996,0.3,12.0,-0.8,20.0,0.43,0.25,0.3,1.0,0.3
119,0.448828125,0.371484375,0.27460937500000004,0.394921875,0.4238281250000001,0.324609375,0.4921875000000002,0.23749999999999996,0.32539062499999993,0.382421875,0.36171875,0.4027343750000001,0.250390625,0.41171875,0.30000000000000004,0.4765625,0.398828125,0.3,0.3,0.3,12.0,-0.8,20.0,0.43,0.25,0.3,1.0,0.3
120,0.34062499999999996,0.46562499999999996,0.45429687500000016,0.22499999999999998,0.3730468750000001,0.41914062499999993,0.318359375,0.32695312499999996,0.46757812499999996,0.38984375000000004,0.548046875,0.48749999999999993,0.34921875,0.3,0.349609375,0.3,0.3,0.3,0.3,0.3,12.0,-0.8,20.0,0.44,0.25,0.3,1.0,0.3
121,0.3480468750000001,0.37812499999999993,0.33671875000000007,0.47539062500000007,0.33515625000000004,0.29570312499999996,0.43242187499999996,0.38007812499999993,0.36328125,0.29999999999999993,0.3769531249999999,0.30195312499999993,0.3,0.3,0.3,0.3,0.3,0.3,0.3,0.3,12.0,-0.8,20.0,0.44,0.25,0.3,1.0,0.3
122,0.30000000000000004,0.38359374999999996,0.49335937500000004,0.33515624999999993,0.504296875,0.23749999999999996,0.44453124999999993,0.40156250000000004,0.3765625,0.29999999999999993,0.29999999999999993,0.2875,0.349609375,0.349609375,0.250390625,0.349609375,0.3,0.3,0.3,0.3,12.0,-0.8,20.0,0.44,0.25,0.3,1.0,0.3
123,0.31914062499999996,0.47382812499999993,0.4238281249999999,0.42695312499999993,0.355078125,0.38359375000000007,0.369140625,0.38124999999999987,0.343359375,0.26171875,0.47539062499999996,0.41953125,0.250390625,0.33828125,0.32499999999999996,0.34921875,0.30000000000000004,0.3,0.3,0.3,12.0,-0.8,20.0,0.44,0.25,0.3,1.0,0.3
124,0.29999999999999993,0.29179687499999996,0.328515625,0.37421874999999993,0.269921875,0.300390625,0.324609375,0.30000000000000004,0.30000000000000004,0.41015625,0.43593749999999987,0.414453125,0.4296874999999999,0.4332031249999999,0.398828125,0.38749999999999996,0.4136718749999999,0.39921874999999996,0.3,0.3,12.0,-0.8,20.0,0.44,0.25,0.3,1.0,0.3
125,0.20078125,0.3343750000000001,0.42851562499999996,0.4234374999999999,0.40117187499999996,0.35078124999999993,0.39492187499999987,0.27812500000000007,0.29218749999999993,0.3906250000000001,0.35859375000000004,0.30000000000000004,0.30000000000000004,0.37773437500000007,0.39531250000000007,0.351171875,0.3,0.3,0.3,0.3,12.0,-0.8,20.0,0.45,0.25,0.3,1.0,0.3
126,0.5085937499999998,0.417578125,0.4007812500000002,0.30976562499999993,0.3902343749999999,0.4585937499999998,0.4289062499999998,0.30156249999999996,0.34882812500000004,0.36562499999999987,0.49921875000000004,0.412109375,0.349609375,0.349609375,0.3,0.3,0.3,0.3,0.3,0.3,12.0,-0.8,20.0,0.45,0.25,0.3,1.0,0.3
127,0.3242187500000001,0.30507812499999987,0.28632812500000004,0.46562500000000007,0.43437499999999996,0.6648437500000003,0.39140624999999996,0.48749999999999993,0.32929687499999993,0.394140625,0.4742187499999999,0.39921874999999996,0.349609375,0.250390625,0.38749999999999996,0.250390625,0.349609375,0.3,0.3,0.3,12.0,-0.8,20.0,0.45,0.25,0.3,1.0,0.3
128,0.33281249999999996,0.44179687499999976,0.45781249999999996,0.34296874999999993,0.3511718749999999,0.43437500000000007,0.44023437500000007,0.3730468750000001,0.49726562500000004,0.46367187500000007,0.25742187500000013,0.37382812499999996,0.250390625,0.375,0.3960937499999999,0.349609375,0.3,0.3,0.3,0.3,12.0,-0.8,20.0,0.45,0.25,0.3,1.0,0.3
129,0.3828124999999999,0.4648437499999999,0.31953125000000004,0.31132812500000007,0.48203125,0.443359375,0.39726562500000007,0.348046875,0.349609375,0.351171875,0.27226562500000007,0.4078124999999999,0.250390625,0.39921874999999996,0.39921874999999996,0.349609375,0.349609375,0.3,0.3,0.3,12.0,-0.8,20.0,0.45,0.25,0.3,1.0,0.3
130,0.5347656250000001,0.3296874999999999,0.3769531249999999,0.415625,0.37421875000000004,0.447265625,0.4082031249999999,0.32695312499999996,0.3378906249999999,0.4843749999999999,0.3746093749999999,0.44453124999999993,0.42109375000000004,0.4359375,0.3,0.3,0.3,0.3,0.3,0.3,12.0,-0.8,20.0,0.46,0.25,0.3,1.0,0.3
131,0.583984375,0.37031249999999993,0.40507812499999996,0.3257812499999999,0.45078125,0.34882812500000004,0.20156249999999998,0.2125,0.41445312499999987,0.45820312500000004,0.3984375,0.2660156250000001,0.29999999999999993,0.250390625,0.3746093749999999,0.44960937499999987,0.348046875,0.398828125,0.3,0.3,12.0,-0.8,20.0,0.46,0.25,0.3,1.0,0.3
132,0.4257812499999999,0.2503906250000001,0.495703125,0.39335937499999996,0.29570312499999996,0.4515625000000001,0.532421875,0.3160156249999999,0.32539062499999993,0.48906249999999996,0.41289062499999996,0.41640625,0.3,0.3,0.3,0.3,0.3,0.3,0.3,0.3,12.0,-0.8,20.0,0.46,0.25,0.3,1.0,0.3
133,0.55078125,0.34882812500000004,0.46210937500000004,0.367578125,0.428125,0.5429687500000001,0.3144531249999999,0.29999999999999993,0.41640625,0.29999999999999993,0.349609375,0.37109375,0.3550781249999999,0.3890625,0.38203125000000004,0.3,0.3,0.3,0.3,0.3,12.0,-0.8,20.0,0.46,0.25,0.3,1.0,0.3
134,0.291015625,0.288671875,0.44257812500000004,0.335546875,0.36249999999999993,0.36835937500000004,0.34140625,0.33085937500000007,0.41484375000000007,0.2875,0.341796875,0.44296875,0.48007812500000013,0.3765625,0.29765625000000007,0.30000000000000004,0.250390625,0.250390625,0.3,0.3,12.0,-0.8,20.0,0.46,0.25,0.3,1.0,0.3
135,0.38320312499999987,0.3812500000000001,0.45585937500000007,0.324609375,0.553125,0.4410156249999999,0.3480468750000001,0.324609375,0.34453125000000007,0.49453125,0.509765625,0.250390625,0.250390625,0.29960937500000007,0.250390625,0.30000000000000004,0.41484374999999996,0.42460937499999996,0.39921874999999996,0.3,12.0,-0.8,20.0,0.47,0.25,0.3,1.0,0.3
136,0.43867187499999993,0.517578125,0.41523437500000004,0.34882812499999993,0.33124999999999993,0.33671875000000007,0.39375000000000004,0.38515625,0.433203125,0.48320312499999996,0.3,0.3,0.3,0.3,0.3,0.3,0.3,0.3,0.3,0.3,12.0,-0.8,20.0,0.47,0.25,0.3,1.0,0.3
137,0.41484375000000007,0.29960937500000007,0.4281250000000001,0.38203125000000004,0.452734375,0.39179687499999993,0.43125000000000013,0.4437500000000001,0.37421875000000004,0.29296875,0.30000000000000004,0.37109375,0.42656249999999996,0.30000000000000004,0.4273437499999999,0.3609375,0.250390625,0.39335937499999996,0.30000000000000004,0.3,12.0,-0.8,20.0,0.47,0.25,0.3,1.0,0.3
138,0.48710937500000007,0.29960937500000007,0.33710937499999993,0.5265625000000002,0.45546875,0.5628906250000001,0.4410156249999999,0.5117187500000001,0.337890625,0.40664062499999987,0.250390625,0.41093749999999996,0.3,0.3,0.3,0.3,0.3,0.3,0.3,0.3,12.0,-0.8,20.0,0.47,0.25,0.3,1.0,0.3
139,0.29960937500000007,0.519921875,0.359765625,0.34921875,0.355859375,0.336328125,0.3808593749999999,0.4781249999999999,0.462890625,0.412109375,0.46054687500000013,0.43515625,0.349609375,0.349609375,0.3,0.3,0.3,0.3,0.3,0.3,12.0,-0.8,20.0,0.47,0.25,0.3,1.0,0.3
140,0.3828125,0.3808593750000001,0.4375,0.4164062500000001,0.37187499999999996,0.388671875,0.45664062500000013,0.37226562499999993,0.38359374999999996,0.353515625,0.33476562499999996,0.44062499999999993,0.38749999999999996,0.42304687499999993,0.36250000000000004,0.375,0.30000000000000004,0.35624999999999996,0.36796875000000007,0.345703125,12.0,-0.8,20.0,0.48,0.25,0.3,1.0,0.3
141,0.28789062499999996,0.38593750000000004,0.6382812500000002,0.36445312499999993,0.261328125,0.40937499999999993,0.34882812500000004,0.38164062499999996,0.44257812500000016,0.4828125000000001,0.3316406249999999,0.39179687499999993,0.44453124999999993,0.398828125,0.398828125,0.42070312499999996,0.3,0.3,0.3,0.3,12.0,-0.8,20.0,0.48,0.25,0.3,1.0,0.3
142,0.4898437499999998,0.47734374999999996,0.4691406250000001,0.44648437500000004,0.42539062500000013,0.3089843750000001,0.37382812500000007,0.384765625,0.349609375,0.3,0.3,0.3,0.3,0.3,0.3,0.3,0.3,0.3,0.3,0.3,12.0,-0.8,20.0,0.48,0.25,0.3,1.0,0.3
143,0.288671875,0.46835937500000024,0.414453125,0.3792968750000002,0.3871093750000001,0.443359375,0.3320312499999999,0.31914062499999996,0.3925781249999999,0.4687499999999999,0.414453125,0.3,0.3,0.3,0.3,0.3,0.3,0.3,0.3,0.3,12.0,-0.8,20.0,0.48,0.25,0.3,1.0,0.3
144,0.5492187500000002,0.47929687500000007,0.42304687500000004,0.42421875,0.38007812500000004,0.37578125000000007,0.37109375,0.250390625,0.3804687499999999,0.421875,0.39179687499999993,0.34062499999999996,0.38945312499999996,0.3,0.3,0.3,0.3,0.3,0.3,0.3,12.0,-0.8,20.0,0.48,0.25,0.3,1.0,0.3
145,0.427734375,0.398828125,0.5546875000000001,0.31914062499999996,0.5789062500000003,0.5371093749999999,0.4781249999999999,0.3574218750000001,0.20078125,0.349609375,0.5109374999999999,0.250390625,0.250390625,0.39296875,0.3,0.3,0.3,0.3,0.3,0.3,12.0,-0.8,20.0,0.49,0.25,0.3,1.0,0.3
146,0.35859374999999993,0.31367187500000004,0.3578125000000001,0.304296875,0.35703125,0.28007812499999996,0.416015625,0.4183593750000001,0.349609375,0.41523437499999993,0.250390625,0.410546875,0.4742187499999999,0.38671875,0.3,0.3,0.3,0.3,0.3,0.3,12.0,-0.8,20.0,0.49,0.25,0.3,1.0,0.3
147,0.47499999999999987,0.455078125,0.32539062499999993,0.47968750000000004,0.34882812500000004,0.47968749999999993,0.40507812499999996,0.40507812499999996,0.42109375000000004,0.32499999999999996,0.3265625,0.32499999999999996,0.3,0.3,0.3,0.3,0.3,0.3,0.3,0.3,12.0,-0.8,20.0,0.49,0.25,0.3,1.0,0.3
148,0.49375,0.36406249999999996,0.43632812499999996,0.405859375,0.4234375,0.40312500000000007,0.408203125,0.39882812499999987,0.39335937499999996,0.30000000000000004,0.375,0.36171875,0.36328125,0.32539062499999993,0.3,0.3,0.3,0.3,0.3,0.3,12.0,-0.8,20.0,0.49,0.25,0.3,1.0,0.3
149,0.4332031249999999,0.46992187500000016,0.49921874999999993,0.4546875,0.5687500000000002,0.5249999999999998,0.5015625,0.44218749999999996,0.43085937499999993,0.38671875,0.3,0.3,0.3,0.3,0.3,0.3,0.3,0.3,0.3,0.3,12.0,-0.8,20.0,0.49,0.25,0.3,1.0,0.3
