,Q1,Q2,Q3,Q4,Q5,Q6,Q7,Q8,Q9,Q10,Q11,Q12,Q13,Q14,Q15,Q16,Q17,Q18,Q19,Q20,sim_time,forget_threshold,num_facts,model_sof,c,s,F,t0
0,0.343359375,0.29414062499999993,0.3,0.3,0.3,0.3,0.3,0.3,0.3,0.3,0.3,0.3,0.3,0.3,0.3,0.3,0.3,0.3,0.3,0.3,12.0,-0.8,20.0,0.2,0.25,0.3,50.0,0.3
1,0.30156249999999996,0.34296875000000004,0.3,0.3,0.3,0.3,0.3,0.3,0.3,0.3,0.3,0.3,0.3,0.3,0.3,0.3,0.3,0.3,0.3,0.3,12.0,-0.8,20.0,0.2,0.25,0.3,50.0,0.3
2,0.30000000000000004,0.250390625,0.250390625,0.3,0.3,0.3,0.3,0.3,0.3,0.3,0.3,0.3,0.3,0.3,0.3,0.3,0.3,0.3,0.3,0.3,12.0,-0.8,20.0,0.2,0.25,0.3,50.0,0.3
3,0.40312499999999996,0.33359375,0.3,0.3,0.3,0.3,0.3,0.3,0.3,0.3,0.3,0.3,0.3,0.3,0.3,0.3,0.3,0.3,0.3,0.3,12.0,-0.8,20.0,0.2,0.25,0.3,50.0,0.3
4,0.37109375,0.492578125,0.3,0.3,0.3,0.3,0.3,0.3,0.3,0.3,0.3,0.3,0.3,0.3,0.3,0.3,0.3,0.3,0.3,0.3,12.0,-0.8,20.0,0.2,0.25,0.3,50.0,0.3
5,0.250390625,0.250390625,0.3,0.3,0.3,0.3,0.3,0.3,0.3,0.3,0.3,0.3,0.3,0.3,0.3,0.3,0.3,0.3,0.3,0.3,12.0,-0.8,20.0,0.21,0.25,0.3,50.0,0.3
6,0.30390624999999993,0.349609375,0.3,0.3,0.3,0.3,0.3,0.3,0.3,0.3,0.3,0.3,0.3,0.3,0.3,0.3,0.3,0.3,0.3,0.3,12.0,-0.8,20.0,0.21,0.25,0.3,50.0,0.3
7,0.43281249999999993,0.370703125,0.3,0.3,0.3,0.3,0.3,0.3,0.3,0.3,0.3,0.3,0.3,0.3,0.3,0.3,0.3,0.3,0.3,0.3,12.0,-0.8,20.0,0.21,0.25,0.3,50.0,0.3
8,0.31523437499999996,0.26054687500000007,0.3,0.3,0.3,0.3,0.3,0.3,0.3,0.3,0.3,0.3,0.3,0.3,0.3,0.3,0.3,0.3,0.3,0.3,12.0,-0.8,20.0,0.21,0.25,0.3,50.0,0.3
9,0.3277343749999999,0.3125,0.262109375,0.275390625,0.3,0.3,0.3,0.3,0.3,0.3,0.3,0.3,0.3,0.3,0.3,0.3,0.3,0.3,0.3,0.3,12.0,-0.8,20.0,0.21,0.25,0.3,50.0,0.3
10,0.30546874999999996,0.36640625000000004,0.3,0.3,0.3,0.3,0.3,0.3,0.3,0.3,0.3,0.3,0.3,0.3,0.3,0.3,0.3,0.3,0.3,0.3,12.0,-0.8,20.0,0.22,0.25,0.3,50.0,0.3
11,0.31875,0.4121093750000001,0.312890625,0.3,0.3,0.3,0.3,0.3,0.3,0.3,0.3,0.3,0.3,0.3,0.3,0.3,0.3,0.3,0.3,0.3,12.0,-0.8,20.0,0.22,0.25,0.3,50.0,0.3
12,0.34687500000000004,0.29921875,0.3,0.3,0.3,0.3,0.3,0.3,0.3,0.3,0.3,0.3,0.3,0.3,0.3,0.3,0.3,0.3,0.3,0.3,12.0,-0.8,20.0,0.22,0.25,0.3,50.0,0.3
13,0.300390625,0.28828124999999993,0.3,0.3,0.3,0.3,0.3,0.3,0.3,0.3,0.3,0.3,0.3,0.3,0.3,0.3,0.3,0.3,0.3,0.3,12.0,-0.8,20.0,0.22,0.25,0.3,50.0,0.3
14,0.38749999999999996,0.3734375,0.3,0.3,0.3,0.3,0.3,0.3,0.3,0.3,0.3,0.3,0.3,0.3,0.3,0.3,0.3,0.3,0.3,0.3,12.0,-0.8,20.0,0.22,0.25,0.3,50.0,0.3
15,0.36249999999999993,0.2796875,0.3,0.3,0.3,0.3,0.3,0.3,0.3,0.3,0.3,0.3,0.3,0.3,0.3,0.3,0.3,0.3,0.3,0.3,12.0,-0.8,20.0,0.23,0.25,0.3,50.0,0.3
16,0.2867187499999999,0.3140625,0.3,0.3,0.3,0.3,0.3,0.3,0.3,0.3,0.3,0.3,0.3,0.3,0.3,0.3,0.3,0.3,0.3,0.3,12.0,-0.8,20.0,0.23,0.25,0.3,50.0,0.3
17,0.8074218750000005,0.3,0.3,0.3,0.3,0.3,0.3,0.3,0.3,0.3,0.3,0.3,0.3,0.3,0.3,0.3,0.3,0.3,0.3,0.3,12.0,-0.8,20.0,0.23,0.25,0.3,50.0,0.3
18,0.43828125000000007,0.401953125,0.3,0.3,0.3,0.3,0.3,0.3,0.3,0.3,0.3,0.3,0.3,0.3,0.3,0.3,0.3,0.3,0.3,0.3,12.0,-0.8,20.0,0.23,0.25,0.3,50.0,0.3
19,0.3746093749999999,0.290625,0.3,0.3,0.3,0.3,0.3,0.3,0.3,0.3,0.3,0.3,0.3,0.3,0.3,0.3,0.3,0.3,0.3,0.3,12.0,-0.8,20.0,0.23,0.25,0.3,50.0,0.3
20,0.349609375,0.30000000000000004,0.3,0.3,0.3,0.3,0.3,0.3,0.3,0.3,0.3,0.3,0.3,0.3,0.3,0.3,0.3,0.3,0.3,0.3,12.0,-0.8,20.0,0.24,0.25,0.3,50.0,0.3
21,0.3203125,0.3,0.3,0.3,0.3,0.3,0.3,0.3,0.3,0.3,0.3,0.3,0.3,0.3,0.3,0.3,0.3,0.3,0.3,0.3,12.0,-0.8,20.0,0.24,0.25,0.3,50.0,0.3
22,0.33828125,0.30156249999999996,0.3,0.3,0.3,0.3,0.3,0.3,0.3,0.3,0.3,0.3,0.3,0.3,0.3,0.3,0.3,0.3,0.3,0.3,12.0,-0.8,20.0,0.24,0.25,0.3,50.0,0.3
23,0.42460937499999996,0.349609375,0.3,0.3,0.3,0.3,0.3,0.3,0.3,0.3,0.3,0.3,0.3,0.3,0.3,0.3,0.3,0.3,0.3,0.3,12.0,-0.8,20.0,0.24,0.25,0.3,50.0,0.3
24,0.38164062499999996,0.250390625,0.349609375,0.3,0.3,0.3,0.3,0.3,0.3,0.3,0.3,0.3,0.3,0.3,0.3,0.3,0.3,0.3,0.3,0.3,12.0,-0.8,20.0,0.24,0.25,0.3,50.0,0.3
25,0.30351562499999996,0.3,0.3,0.3,0.3,0.3,0.3,0.3,0.3,0.3,0.3,0.3,0.3,0.3,0.3,0.3,0.3,0.3,0.3,0.3,12.0,-0.8,20.0,0.25,0.25,0.3,50.0,0.3
26,0.302734375,0.358984375,0.34453125000000007,0.306640625,0.3,0.3,0.3,0.3,0.3,0.3,0.3,0.3,0.3,0.3,0.3,0.3,0.3,0.3,0.3,0.3,12.0,-0.8,20.0,0.25,0.25,0.3,50.0,0.3
27,0.379296875,0.31562499999999993,0.3238281249999999,0.294921875,0.3,0.3,0.3,0.3,0.3,0.3,0.3,0.3,0.3,0.3,0.3,0.3,0.3,0.3,0.3,0.3,12.0,-0.8,20.0,0.25,0.25,0.3,50.0,0.3
28,0.423828125,0.387109375,0.3,0.3,0.3,0.3,0.3,0.3,0.3,0.3,0.3,0.3,0.3,0.3,0.3,0.3,0.3,0.3,0.3,0.3,12.0,-0.8,20.0,0.25,0.25,0.3,50.0,0.3
29,0.30859375,0.30000000000000004,0.3,0.3,0.3,0.3,0.3,0.3,0.3,0.3,0.3,0.3,0.3,0.3,0.3,0.3,0.3,0.3,0.3,0.3,12.0,-0.8,20.0,0.25,0.25,0.3,50.0,0.3
30,0.27421875000000007,0.2925781249999999,0.3,0.3,0.3,0.3,0.3,0.3,0.3,0.3,0.3,0.3,0.3,0.3,0.3,0.3,0.3,0.3,0.3,0.3,12.0,-0.8,20.0,0.26,0.25,0.3,50.0,0.3
31,0.36640625000000004,0.26835937500000007,0.3,0.3,0.3,0.3,0.3,0.3,0.3,0.3,0.3,0.3,0.3,0.3,0.3,0.3,0.3,0.3,0.3,0.3,12.0,-0.8,20.0,0.26,0.25,0.3,50.0,0.3
32,0.3374999999999999,0.30625,0.3,0.3,0.3,0.3,0.3,0.3,0.3,0.3,0.3,0.3,0.3,0.3,0.3,0.3,0.3,0.3,0.3,0.3,12.0,-0.8,20.0,0.26,0.25,0.3,50.0,0.3
33,0.31718749999999996,0.42851562499999996,0.3,0.3,0.3,0.3,0.3,0.3,0.3,0.3,0.3,0.3,0.3,0.3,0.3,0.3,0.3,0.3,0.3,0.3,12.0,-0.8,20.0,0.26,0.25,0.3,50.0,0.3
34,0.42109374999999993,0.3417968749999999,0.3,0.3,0.3,0.3,0.3,0.3,0.3,0.3,0.3,0.3,0.3,0.3,0.3,0.3,0.3,0.3,0.3,0.3,12.0,-0.8,20.0,0.26,0.25,0.3,50.0,0.3
35,0.349609375,0.250390625,0.3,0.3,0.3,0.3,0.3,0.3,0.3,0.3,0.3,0.3,0.3,0.3,0.3,0.3,0.3,0.3,0.3,0.3,12.0,-0.8,20.0,0.27,0.25,0.3,50.0,0.3
36,0.5144531249999998,0.4058593749999999,0.349609375,0.3,0.3,0.3,0.3,0.3,0.3,0.3,0.3,0.3,0.3,0.3,0.3,0.3,0.3,0.3,0.3,0.3,12.0,-0.8,20.0,0.27,0.25,0.3,50.0,0.3
37,0.375,0.347265625,0.3,0.3,0.3,0.3,0.3,0.3,0.3,0.3,0.3,0.3,0.3,0.3,0.3,0.3,0.3,0.3,0.3,0.3,12.0,-0.8,20.0,0.27,0.25,0.3,50.0,0.3
38,0.470703125,0.300390625,0.3,0.3,0.3,0.3,0.3,0.3,0.3,0.3,0.3,0.3,0.3,0.3,0.3,0.3,0.3,0.3,0.3,0.3,12.0,-0.8,20.0,0.27,0.25,0.3,50.0,0.3
39,0.3125,0.3375,0.3,0.3,0.3,0.3,0.3,0.3,0.3,0.3,0.3,0.3,0.3,0.3,0.3,0.3,0.3,0.3,0.3,0.3,12.0,-0.8,20.0,0.27,0.25,0.3,50.0,0.3
40,0.3749999999999999,0.3101562499999999,0.3,0.3,0.3,0.3,0.3,0.3,0.3,0.3,0.3,0.3,0.3,0.3,0.3,0.3,0.3,0.3,0.3,0.3,12.0,-0.8,20.0,0.28,0.25,0.3,50.0,0.3
41,0.40898437499999996,0.30625,0.3,0.3,0.3,0.3,0.3,0.3,0.3,0.3,0.3,0.3,0.3,0.3,0.3,0.3,0.3,0.3,0.3,0.3,12.0,-0.8,20.0,0.28,0.25,0.3,50.0,0.3
42,0.37421875000000004,0.2945312499999999,0.3,0.3,0.3,0.3,0.3,0.3,0.3,0.3,0.3,0.3,0.3,0.3,0.3,0.3,0.3,0.3,0.3,0.3,12.0,-0.8,20.0,0.28,0.25,0.3,50.0,0.3
43,0.31367187500000004,0.2617187500000001,0.3,0.3,0.3,0.3,0.3,0.3,0.3,0.3,0.3,0.3,0.3,0.3,0.3,0.3,0.3,0.3,0.3,0.3,12.0,-0.8,20.0,0.28,0.25,0.3,50.0,0.3
44,0.333984375,0.38007812500000004,0.3,0.3,0.3,0.3,0.3,0.3,0.3,0.3,0.3,0.3,0.3,0.3,0.3,0.3,0.3,0.3,0.3,0.3,12.0,-0.8,20.0,0.28,0.25,0.3,50.0,0.3
45,0.314453125,0.2640625,0.3,0.3,0.3,0.3,0.3,0.3,0.3,0.3,0.3,0.3,0.3,0.3,0.3,0.3,0.3,0.3,0.3,0.3,12.0,-0.8,20.0,0.29,0.25,0.3,50.0,0.3
46,0.465234375,0.34648437499999996,0.3,0.3,0.3,0.3,0.3,0.3,0.3,0.3,0.3,0.3,0.3,0.3,0.3,0.3,0.3,0.3,0.3,0.3,12.0,-0.8,20.0,0.29,0.25,0.3,50.0,0.3
47,0.42499999999999993,0.259765625,0.262109375,0.3,0.3,0.3,0.3,0.3,0.3,0.3,0.3,0.3,0.3,0.3,0.3,0.3,0.3,0.3,0.3,0.3,12.0,-0.8,20.0,0.29,0.25,0.3,50.0,0.3
48,0.312109375,0.3,0.3,0.3,0.3,0.3,0.3,0.3,0.3,0.3,0.3,0.3,0.3,0.3,0.3,0.3,0.3,0.3,0.3,0.3,12.0,-0.8,20.0,0.29,0.25,0.3,50.0,0.3
49,0.2828125,0.3613281250000001,0.312109375,0.3,0.3,0.3,0.3,0.3,0.3,0.3,0.3,0.3,0.3,0.3,0.3,0.3,0.3,0.3,0.3,0.3,12.0,-0.8,20.0,0.29,0.25,0.3,50.0,0.3
50,0.28046875000000004,0.293359375,0.3,0.3,0.3,0.3,0.3,0.3,0.3,0.3,0.3,0.3,0.3,0.3,0.3,0.3,0.3,0.3,0.3,0.3,12.0,-0.8,20.0,0.3,0.25,0.3,50.0,0.3
51,0.3,0.3,0.3,0.3,0.3,0.3,0.3,0.3,0.3,0.3,0.3,0.3,0.3,0.3,0.3,0.3,0.3,0.3,0.3,0.3,12.0,-0.8,20.0,0.3,0.25,0.3,50.0,0.3
52,0.5679687499999999,0.38046875,0.3,0.3,0.3,0.3,0.3,0.3,0.3,0.3,0.3,0.3,0.3,0.3,0.3,0.3,0.3,0.3,0.3,0.3,12.0,-0.8,20.0,0.3,0.25,0.3,50.0,0.3
53,0.44218750000000007,0.333984375,0.3,0.3,0.3,0.3,0.3,0.3,0.3,0.3,0.3,0.3,0.3,0.3,0.3,0.3,0.3,0.3,0.3,0.3,12.0,-0.8,20.0,0.3,0.25,0.3,50.0,0.3
54,0.30312499999999987,0.36250000000000004,0.28789062499999996,0.3,0.3,0.3,0.3,0.3,0.3,0.3,0.3,0.3,0.3,0.3,0.3,0.3,0.3,0.3,0.3,0.3,12.0,-0.8,20.0,0.3,0.25,0.3,50.0,0.3
55,0.36250000000000004,0.27109375,0.3,0.3,0.3,0.3,0.3,0.3,0.3,0.3,0.3,0.3,0.3,0.3,0.3,0.3,0.3,0.3,0.3,0.3,12.0,-0.8,20.0,0.31,0.25,0.3,50.0,0.3
56,0.4207031250000002,0.28984374999999996,0.3,0.3,0.3,0.3,0.3,0.3,0.3,0.3,0.3,0.3,0.3,0.3,0.3,0.3,0.3,0.3,0.3,0.3,12.0,-0.8,20.0,0.31,0.25,0.3,50.0,0.3
57,0.310546875,0.25468749999999996,0.3,0.3,0.3,0.3,0.3,0.3,0.3,0.3,0.3,0.3,0.3,0.3,0.3,0.3,0.3,0.3,0.3,0.3,12.0,-0.8,20.0,0.31,0.25,0.3,50.0,0.3
58,0.42890624999999993,0.2890625,0.3,0.3,0.3,0.3,0.3,0.3,0.3,0.3,0.3,0.3,0.3,0.3,0.3,0.3,0.3,0.3,0.3,0.3,12.0,-0.8,20.0,0.31,0.25,0.3,50.0,0.3
59,0.45742187499999987,0.3,0.3,0.3,0.3,0.3,0.3,0.3,0.3,0.3,0.3,0.3,0.3,0.3,0.3,0.3,0.3,0.3,0.3,0.3,12.0,-0.8,20.0,0.31,0.25,0.3,50.0,0.3
60,0.30000000000000004,0.250390625,0.3,0.3,0.3,0.3,0.3,0.3,0.3,0.3,0.3,0.3,0.3,0.3,0.3,0.3,0.3,0.3,0.3,0.3,12.0,-0.8,20.0,0.32,0.25,0.3,50.0,0.3
61,0.37343749999999987,0.36250000000000004,0.3,0.3,0.3,0.3,0.3,0.3,0.3,0.3,0.3,0.3,0.3,0.3,0.3,0.3,0.3,0.3,0.3,0.3,12.0,-0.8,20.0,0.32,0.25,0.3,50.0,0.3
62,0.34257812500000007,0.32499999999999996,0.3,0.3,0.3,0.3,0.3,0.3,0.3,0.3,0.3,0.3,0.3,0.3,0.3,0.3,0.3,0.3,0.3,0.3,12.0,-0.8,20.0,0.32,0.25,0.3,50.0,0.3
63,0.3515625,0.250390625,0.250390625,0.3,0.3,0.3,0.3,0.3,0.3,0.3,0.3,0.3,0.3,0.3,0.3,0.3,0.3,0.3,0.3,0.3,12.0,-0.8,20.0,0.32,0.25,0.3,50.0,0.3
64,0.37031250000000004,0.358984375,0.3,0.3,0.3,0.3,0.3,0.3,0.3,0.3,0.3,0.3,0.3,0.3,0.3,0.3,0.3,0.3,0.3,0.3,12.0,-0.8,20.0,0.32,0.25,0.3,50.0,0.3
65,0.332421875,0.374609375,0.3,0.3,0.3,0.3,0.3,0.3,0.3,0.3,0.3,0.3,0.3,0.3,0.3,0.3,0.3,0.3,0.3,0.3,12.0,-0.8,20.0,0.33,0.25,0.3,50.0,0.3
66,0.250390625,0.3,0.3,0.3,0.3,0.3,0.3,0.3,0.3,0.3,0.3,0.3,0.3,0.3,0.3,0.3,0.3,0.3,0.3,0.3,12.0,-0.8,20.0,0.33,0.25,0.3,50.0,0.3
67,0.26953125,0.4234375,0.298828125,0.345703125,0.3,0.3,0.3,0.3,0.3,0.3,0.3,0.3,0.3,0.3,0.3,0.3,0.3,0.3,0.3,0.3,12.0,-0.8,20.0,0.33,0.25,0.3,50.0,0.3
68,0.31757812500000004,0.319921875,0.3,0.3,0.3,0.3,0.3,0.3,0.3,0.3,0.3,0.3,0.3,0.3,0.3,0.3,0.3,0.3,0.3,0.3,12.0,-0.8,20.0,0.33,0.25,0.3,50.0,0.3
69,0.349609375,0.261328125,0.3,0.3,0.3,0.3,0.3,0.3,0.3,0.3,0.3,0.3,0.3,0.3,0.3,0.3,0.3,0.3,0.3,0.3,12.0,-0.8,20.0,0.33,0.25,0.3,50.0,0.3
70,0.355859375,0.279296875,0.3,0.3,0.3,0.3,0.3,0.3,0.3,0.3,0.3,0.3,0.3,0.3,0.3,0.3,0.3,0.3,0.3,0.3,12.0,-0.8,20.0,0.34,0.25,0.3,50.0,0.3
71,0.349609375,0.3,0.3,0.3,0.3,0.3,0.3,0.3,0.3,0.3,0.3,0.3,0.3,0.3,0.3,0.3,0.3,0.3,0.3,0.3,12.0,-0.8,20.0,0.34,0.25,0.3,50.0,0.3
72,0.38749999999999996,0.3,0.3,0.3,0.3,0.3,0.3,0.3,0.3,0.3,0.3,0.3,0.3,0.3,0.3,0.3,0.3,0.3,0.3,0.3,12.0,-0.8,20.0,0.34,0.25,0.3,50.0,0.3
73,0.38164062500000007,0.3902343749999999,0.3,0.3,0.3,0.3,0.3,0.3,0.3,0.3,0.3,0.3,0.3,0.3,0.3,0.3,0.3,0.3,0.3,0.3,12.0,-0.8,20.0,0.34,0.25,0.3,50.0,0.3
74,0.349609375,0.3,0.3,0.3,0.3,0.3,0.3,0.3,0.3,0.3,0.3,0.3,0.3,0.3,0.3,0.3,0.3,0.3,0.3,0.3,12.0,-0.8,20.0,0.34,0.25,0.3,50.0,0.3
75,0.250390625,0.349609375,0.3,0.3,0.3,0.3,0.3,0.3,0.3,0.3,0.3,0.3,0.3,0.3,0.3,0.3,0.3,0.3,0.3,0.3,12.0,-0.8,20.0,0.35,0.25,0.3,50.0,0.3
76,0.2734375,0.250390625,0.3,0.3,0.3,0.3,0.3,0.3,0.3,0.3,0.3,0.3,0.3,0.3,0.3,0.3,0.3,0.3,0.3,0.3,12.0,-0.8,20.0,0.35,0.25,0.3,50.0,0.3
77,0.28007812499999996,0.250390625,0.3,0.3,0.3,0.3,0.3,0.3,0.3,0.3,0.3,0.3,0.3,0.3,0.3,0.3,0.3,0.3,0.3,0.3,12.0,-0.8,20.0,0.35,0.25,0.3,50.0,0.3
78,0.3324218750000001,0.36992187500000007,0.3,0.3,0.3,0.3,0.3,0.3,0.3,0.3,0.3,0.3,0.3,0.3,0.3,0.3,0.3,0.3,0.3,0.3,12.0,-0.8,20.0,0.35,0.25,0.3,50.0,0.3
79,0.357421875,0.3,0.3,0.3,0.3,0.3,0.3,0.3,0.3,0.3,0.3,0.3,0.3,0.3,0.3,0.3,0.3,0.3,0.3,0.3,12.0,-0.8,20.0,0.35,0.25,0.3,50.0,0.3
80,0.32148437500000004,0.26835937500000007,0.3,0.3,0.3,0.3,0.3,0.3,0.3,0.3,0.3,0.3,0.3,0.3,0.3,0.3,0.3,0.3,0.3,0.3,12.0,-0.8,20.0,0.36,0.25,0.3,50.0,0.3
81,0.45351562499999987,0.353125,0.3,0.3,0.3,0.3,0.3,0.3,0.3,0.3,0.3,0.3,0.3,0.3,0.3,0.3,0.3,0.3,0.3,0.3,12.0,-0.8,20.0,0.36,0.25,0.3,50.0,0.3
82,0.3046875,0.265234375,0.3,0.3,0.3,0.3,0.3,0.3,0.3,0.3,0.3,0.3,0.3,0.3,0.3,0.3,0.3,0.3,0.3,0.3,12.0,-0.8,20.0,0.36,0.25,0.3,50.0,0.3
83,0.33085937499999984,0.43593749999999987,0.3,0.3,0.3,0.3,0.3,0.3,0.3,0.3,0.3,0.3,0.3,0.3,0.3,0.3,0.3,0.3,0.3,0.3,12.0,-0.8,20.0,0.36,0.25,0.3,50.0,0.3
84,0.337890625,0.26484374999999993,0.3,0.3,0.3,0.3,0.3,0.3,0.3,0.3,0.3,0.3,0.3,0.3,0.3,0.3,0.3,0.3,0.3,0.3,12.0,-0.8,20.0,0.36,0.25,0.3,50.0,0.3
85,0.31914062500000007,0.267578125,0.3,0.3,0.3,0.3,0.3,0.3,0.3,0.3,0.3,0.3,0.3,0.3,0.3,0.3,0.3,0.3,0.3,0.3,12.0,-0.8,20.0,0.37,0.25,0.3,50.0,0.3
86,0.30000000000000004,0.293359375,0.3,0.3,0.3,0.3,0.3,0.3,0.3,0.3,0.3,0.3,0.3,0.3,0.3,0.3,0.3,0.3,0.3,0.3,12.0,-0.8,20.0,0.37,0.25,0.3,50.0,0.3
87,0.4746093749999999,0.250390625,0.3,0.3,0.3,0.3,0.3,0.3,0.3,0.3,0.3,0.3,0.3,0.3,0.3,0.3,0.3,0.3,0.3,0.3,12.0,-0.8,20.0,0.37,0.25,0.3,50.0,0.3
88,0.5152343750000001,0.335546875,0.3,0.3,0.3,0.3,0.3,0.3,0.3,0.3,0.3,0.3,0.3,0.3,0.3,0.3,0.3,0.3,0.3,0.3,12.0,-0.8,20.0,0.37,0.25,0.3,50.0,0.3
89,0.349609375,0.33867187499999996,0.3,0.3,0.3,0.3,0.3,0.3,0.3,0.3,0.3,0.3,0.3,0.3,0.3,0.3,0.3,0.3,0.3,0.3,12.0,-0.8,20.0,0.37,0.25,0.3,50.0,0.3
90,0.42617187499999987,0.349609375,0.3,0.3,0.3,0.3,0.3,0.3,0.3,0.3,0.3,0.3,0.3,0.3,0.3,0.3,0.3,0.3,0.3,0.3,12.0,-0.8,20.0,0.38,0.25,0.3,50.0,0.3
91,0.30000000000000004,0.3300781249999999,0.3,0.3,0.3,0.3,0.3,0.3,0.3,0.3,0.3,0.3,0.3,0.3,0.3,0.3,0.3,0.3,0.3,0.3,12.0,-0.8,20.0,0.38,0.25,0.3,50.0,0.3
92,0.3363281250000001,0.28632812499999993,0.3,0.3,0.3,0.3,0.3,0.3,0.3,0.3,0.3,0.3,0.3,0.3,0.3,0.3,0.3,0.3,0.3,0.3,12.0,-0.8,20.0,0.38,0.25,0.3,50.0,0.3
93,0.4570312499999999,0.324609375,0.3,0.3,0.3,0.3,0.3,0.3,0.3,0.3,0.3,0.3,0.3,0.3,0.3,0.3,0.3,0.3,0.3,0.3,12.0,-0.8,20.0,0.38,0.25,0.3,50.0,0.3
94,0.33242187499999987,0.3,0.3,0.3,0.3,0.3,0.3,0.3,0.3,0.3,0.3,0.3,0.3,0.3,0.3,0.3,0.3,0.3,0.3,0.3,12.0,-0.8,20.0,0.38,0.25,0.3,50.0,0.3
95,0.43437499999999996,0.275,0.3,0.3,0.3,0.3,0.3,0.3,0.3,0.3,0.3,0.3,0.3,0.3,0.3,0.3,0.3,0.3,0.3,0.3,12.0,-0.8,20.0,0.39,0.25,0.3,50.0,0.3
96,0.35664062500000004,0.43476562499999993,0.3,0.3,0.3,0.3,0.3,0.3,0.3,0.3,0.3,0.3,0.3,0.3,0.3,0.3,0.3,0.3,0.3,0.3,12.0,-0.8,20.0,0.39,0.25,0.3,50.0,0.3
97,0.33671874999999996,0.316796875,0.3,0.3,0.3,0.3,0.3,0.3,0.3,0.3,0.3,0.3,0.3,0.3,0.3,0.3,0.3,0.3,0.3,0.3,12.0,-0.8,20.0,0.39,0.25,0.3,50.0,0.3
98,0.40507812499999996,0.3,0.3,0.3,0.3,0.3,0.3,0.3,0.3,0.3,0.3,0.3,0.3,0.3,0.3,0.3,0.3,0.3,0.3,0.3,12.0,-0.8,20.0,0.39,0.25,0.3,50.0,0.3
99,0.339453125,0.32499999999999996,0.3,0.3,0.3,0.3,0.3,0.3,0.3,0.3,0.3,0.3,0.3,0.3,0.3,0.3,0.3,0.3,0.3,0.3,12.0,-0.8,20.0,0.39,0.25,0.3,50.0,0.3
100,0.25664062499999996,0.250390625,0.3,0.3,0.3,0.3,0.3,0.3,0.3,0.3,0.3,0.3,0.3,0.3,0.3,0.3,0.3,0.3,0.3,0.3,12.0,-0.8,20.0,0.4,0.25,0.3,50.0,0.3
101,0.355859375,0.33476562499999996,0.337890625,0.3,0.3,0.3,0.3,0.3,0.3,0.3,0.3,0.3,0.3,0.3,0.3,0.3,0.3,0.3,0.3,0.3,12.0,-0.8,20.0,0.4,0.25,0.3,50.0,0.3
102,0.267578125,0.3,0.3,0.3,0.3,0.3,0.3,0.3,0.3,0.3,0.3,0.3,0.3,0.3,0.3,0.3,0.3,0.3,0.3,0.3,12.0,-0.8,20.0,0.4,0.25,0.3,50.0,0.3
103,0.36835937500000004,0.3,0.3,0.3,0.3,0.3,0.3,0.3,0.3,0.3,0.3,0.3,0.3,0.3,0.3,0.3,0.3,0.3,0.3,0.3,12.0,-0.8,20.0,0.4,0.25,0.3,50.0,0.3
104,0.41640624999999987,0.25078124999999996,0.3,0.3,0.3,0.3,0.3,0.3,0.3,0.3,0.3,0.3,0.3,0.3,0.3,0.3,0.3,0.3,0.3,0.3,12.0,-0.8,20.0,0.4,0.25,0.3,50.0,0.3
105,0.50078125,0.32499999999999996,0.3,0.3,0.3,0.3,0.3,0.3,0.3,0.3,0.3,0.3,0.3,0.3,0.3,0.3,0.3,0.3,0.3,0.3,12.0,-0.8,20.0,0.41,0.25,0.3,50.0,0.3
106,0.250390625,0.3515625,0.266015625,0.3,0.3,0.3,0.3,0.3,0.3,0.3,0.3,0.3,0.3,0.3,0.3,0.3,0.3,0.3,0.3,0.3,12.0,-0.8,20.0,0.41,0.25,0.3,50.0,0.3
107,0.41132812500000004,0.349609375,0.3,0.3,0.3,0.3,0.3,0.3,0.3,0.3,0.3,0.3,0.3,0.3,0.3,0.3,0.3,0.3,0.3,0.3,12.0,-0.8,20.0,0.41,0.25,0.3,50.0,0.3
108,0.38749999999999996,0.2875000000000001,0.3,0.3,0.3,0.3,0.3,0.3,0.3,0.3,0.3,0.3,0.3,0.3,0.3,0.3,0.3,0.3,0.3,0.3,12.0,-0.8,20.0,0.41,0.25,0.3,50.0,0.3
109,0.250390625,0.3,0.3,0.3,0.3,0.3,0.3,0.3,0.3,0.3,0.3,0.3,0.3,0.3,0.3,0.3,0.3,0.3,0.3,0.3,12.0,-0.8,20.0,0.41,0.25,0.3,50.0,0.3
110,0.4195312499999999,0.250390625,0.3,0.3,0.3,0.3,0.3,0.3,0.3,0.3,0.3,0.3,0.3,0.3,0.3,0.3,0.3,0.3,0.3,0.3,12.0,-0.8,20.0,0.42,0.25,0.3,50.0,0.3
111,0.305078125,0.3,0.3,0.3,0.3,0.3,0.3,0.3,0.3,0.3,0.3,0.3,0.3,0.3,0.3,0.3,0.3,0.3,0.3,0.3,12.0,-0.8,20.0,0.42,0.25,0.3,50.0,0.3
112,0.25507812499999993,0.250390625,0.3,0.3,0.3,0.3,0.3,0.3,0.3,0.3,0.3,0.3,0.3,0.3,0.3,0.3,0.3,0.3,0.3,0.3,12.0,-0.8,20.0,0.42,0.25,0.3,50.0,0.3
113,0.38398437499999993,0.31875,0.3,0.3,0.3,0.3,0.3,0.3,0.3,0.3,0.3,0.3,0.3,0.3,0.3,0.3,0.3,0.3,0.3,0.3,12.0,-0.8,20.0,0.42,0.25,0.3,50.0,0.3
114,0.3867187499999999,0.290625,0.3,0.3,0.3,0.3,0.3,0.3,0.3,0.3,0.3,0.3,0.3,0.3,0.3,0.3,0.3,0.3,0.3,0.3,12.0,-0.8,20.0,0.42,0.25,0.3,50.0,0.3
115,0.349609375,0.255859375,0.3,0.3,0.3,0.3,0.3,0.3,0.3,0.3,0.3,0.3,0.3,0.3,0.3,0.3,0.3,0.3,0.3,0.3,12.0,-0.8,20.0,0.43,0.25,0.3,50.0,0.3
116,0.34375,0.2875,0.3,0.3,0.3,0.3,0.3,0.3,0.3,0.3,0.3,0.3,0.3,0.3,0.3,0.3,0.3,0.3,0.3,0.3,12.0,-0.8,20.0,0.43,0.25,0.3,50.0,0.3
117,0.38906249999999987,0.36210937499999996,0.3,0.3,0.3,0.3,0.3,0.3,0.3,0.3,0.3,0.3,0.3,0.3,0.3,0.3,0.3,0.3,0.3,0.3,12.0,-0.8,20.0,0.43,0.25,0.3,50.0,0.3
118,0.343359375,0.3,0.3,0.3,0.3,0.3,0.3,0.3,0.3,0.3,0.3,0.3,0.3,0.3,0.3,0.3,0.3,0.3,0.3,0.3,12.0,-0.8,20.0,0.43,0.25,0.3,50.0,0.3
119,0.28398437499999996,0.32499999999999996,0.25273437499999996,0.3,0.3,0.3,0.3,0.3,0.3,0.3,0.3,0.3,0.3,0.3,0.3,0.3,0.3,0.3,0.3,0.3,12.0,-0.8,20.0,0.43,0.25,0.3,50.0,0.3
120,0.33710937499999993,0.3,0.3,0.3,0.3,0.3,0.3,0.3,0.3,0.3,0.3,0.3,0.3,0.3,0.3,0.3,0.3,0.3,0.3,0.3,12.0,-0.8,20.0,0.44,0.25,0.3,50.0,0.3
121,0.33085937500000007,0.30156249999999996,0.3,0.3,0.3,0.3,0.3,0.3,0.3,0.3,0.3,0.3,0.3,0.3,0.3,0.3,0.3,0.3,0.3,0.3,12.0,-0.8,20.0,0.44,0.25,0.3,50.0,0.3
122,0.349609375,0.284765625,0.3,0.3,0.3,0.3,0.3,0.3,0.3,0.3,0.3,0.3,0.3,0.3,0.3,0.3,0.3,0.3,0.3,0.3,12.0,-0.8,20.0,0.44,0.25,0.3,50.0,0.3
123,0.36210937500000007,0.33710937499999993,0.3,0.3,0.3,0.3,0.3,0.3,0.3,0.3,0.3,0.3,0.3,0.3,0.3,0.3,0.3,0.3,0.3,0.3,12.0,-0.8,20.0,0.44,0.25,0.3,50.0,0.3
124,0.33242187499999987,0.257421875,0.3,0.3,0.3,0.3,0.3,0.3,0.3,0.3,0.3,0.3,0.3,0.3,0.3,0.3,0.3,0.3,0.3,0.3,12.0,-0.8,20.0,0.44,0.25,0.3,50.0,0.3
125,0.27031250000000007,0.322265625,0.3,0.3,0.3,0.3,0.3,0.3,0.3,0.3,0.3,0.3,0.3,0.3,0.3,0.3,0.3,0.3,0.3,0.3,12.0,-0.8,20.0,0.45,0.25,0.3,50.0,0.3
126,0.349609375,0.250390625,0.3,0.3,0.3,0.3,0.3,0.3,0.3,0.3,0.3,0.3,0.3,0.3,0.3,0.3,0.3,0.3,0.3,0.3,12.0,-0.8,20.0,0.45,0.25,0.3,50.0,0.3
127,0.349609375,0.29218750000000004,0.3,0.3,0.3,0.3,0.3,0.3,0.3,0.3,0.3,0.3,0.3,0.3,0.3,0.3,0.3,0.3,0.3,0.3,12.0,-0.8,20.0,0.45,0.25,0.3,50.0,0.3
128,0.35039062500000007,0.349609375,0.3,0.3,0.3,0.3,0.3,0.3,0.3,0.3,0.3,0.3,0.3,0.3,0.3,0.3,0.3,0.3,0.3,0.3,12.0,-0.8,20.0,0.45,0.25,0.3,50.0,0.3
129,0.30000000000000004,0.250390625,0.349609375,0.32695312499999996,0.3,0.3,0.3,0.3,0.3,0.3,0.3,0.3,0.3,0.3,0.3,0.3,0.3,0.3,0.3,0.3,12.0,-0.8,20.0,0.45,0.25,0.3,50.0,0.3
130,0.33085937500000007,0.31718749999999996,0.3,0.3,0.3,0.3,0.3,0.3,0.3,0.3,0.3,0.3,0.3,0.3,0.3,0.3,0.3,0.3,0.3,0.3,12.0,-0.8,20.0,0.46,0.25,0.3,50.0,0.3
131,0.3691406249999999,0.3,0.3,0.3,0.3,0.3,0.3,0.3,0.3,0.3,0.3,0.3,0.3,0.3,0.3,0.3,0.3,0.3,0.3,0.3,12.0,-0.8,20.0,0.46,0.25,0.3,50.0,0.3
132,0.375,0.31171875000000004,0.3,0.3,0.3,0.3,0.3,0.3,0.3,0.3,0.3,0.3,0.3,0.3,0.3,0.3,0.3,0.3,0.3,0.3,12.0,-0.8,20.0,0.46,0.25,0.3,50.0,0.3
133,0.400390625,0.3125,0.3,0.3,0.3,0.3,0.3,0.3,0.3,0.3,0.3,0.3,0.3,0.3,0.3,0.3,0.3,0.3,0.3,0.3,12.0,-0.8,20.0,0.46,0.25,0.3,50.0,0.3
134,0.39335937499999996,0.365625,0.3,0.3,0.3,0.3,0.3,0.3,0.3,0.3,0.3,0.3,0.3,0.3,0.3,0.3,0.3,0.3,0.3,0.3,12.0,-0.8,20.0,0.46,0.25,0.3,50.0,0.3
135,0.351953125,0.339453125,0.3,0.3,0.3,0.3,0.3,0.3,0.3,0.3,0.3,0.3,0.3,0.3,0.3,0.3,0.3,0.3,0.3,0.3,12.0,-0.8,20.0,0.47,0.25,0.3,50.0,0.3
136,0.343359375,0.3,0.3,0.3,0.3,0.3,0.3,0.3,0.3,0.3,0.3,0.3,0.3,0.3,0.3,0.3,0.3,0.3,0.3,0.3,12.0,-0.8,20.0,0.47,0.25,0.3,50.0,0.3
137,0.3570312499999999,0.375,0.3,0.3,0.3,0.3,0.3,0.3,0.3,0.3,0.3,0.3,0.3,0.3,0.3,0.3,0.3,0.3,0.3,0.3,12.0,-0.8,20.0,0.47,0.25,0.3,50.0,0.3
138,0.2640625,0.470703125,0.3,0.3,0.3,0.3,0.3,0.3,0.3,0.3,0.3,0.3,0.3,0.3,0.3,0.3,0.3,0.3,0.3,0.3,12.0,-0.8,20.0,0.47,0.25,0.3,50.0,0.3
139,0.4160156249999999,0.2984375,0.3,0.3,0.3,0.3,0.3,0.3,0.3,0.3,0.3,0.3,0.3,0.3,0.3,0.3,0.3,0.3,0.3,0.3,12.0,-0.8,20.0,0.47,0.25,0.3,50.0,0.3
140,0.250390625,0.4312499999999999,0.3,0.3,0.3,0.3,0.3,0.3,0.3,0.3,0.3,0.3,0.3,0.3,0.3,0.3,0.3,0.3,0.3,0.3,12.0,-0.8,20.0,0.48,0.25,0.3,50.0,0.3
141,0.4624999999999999,0.3,0.3,0.3,0.3,0.3,0.3,0.3,0.3,0.3,0.3,0.3,0.3,0.3,0.3,0.3,0.3,0.3,0.3,0.3,12.0,-0.8,20.0,0.48,0.25,0.3,50.0,0.3
142,0.330078125,0.3125,0.3,0.3,0.3,0.3,0.3,0.3,0.3,0.3,0.3,0.3,0.3,0.3,0.3,0.3,0.3,0.3,0.3,0.3,12.0,-0.8,20.0,0.48,0.25,0.3,50.0,0.3
143,0.398828125,0.30000000000000004,0.3,0.3,0.3,0.3,0.3,0.3,0.3,0.3,0.3,0.3,0.3,0.3,0.3,0.3,0.3,0.3,0.3,0.3,12.0,-0.8,20.0,0.48,0.25,0.3,50.0,0.3
144,0.486328125,0.35624999999999996,0.3,0.3,0.3,0.3,0.3,0.3,0.3,0.3,0.3,0.3,0.3,0.3,0.3,0.3,0.3,0.3,0.3,0.3,12.0,-0.8,20.0,0.48,0.25,0.3,50.0,0.3
145,0.40117187500000007,0.39921874999999996,0.3,0.3,0.3,0.3,0.3,0.3,0.3,0.3,0.3,0.3,0.3,0.3,0.3,0.3,0.3,0.3,0.3,0.3,12.0,-0.8,20.0,0.49,0.25,0.3,50.0,0.3
146,0.30000000000000004,0.25078124999999996,0.3,0.3,0.3,0.3,0.3,0.3,0.3,0.3,0.3,0.3,0.3,0.3,0.3,0.3,0.3,0.3,0.3,0.3,12.0,-0.8,20.0,0.49,0.25,0.3,50.0,0.3
147,0.273046875,0.3,0.3,0.3,0.3,0.3,0.3,0.3,0.3,0.3,0.3,0.3,0.3,0.3,0.3,0.3,0.3,0.3,0.3,0.3,12.0,-0.8,20.0,0.49,0.25,0.3,50.0,0.3
148,0.30156249999999996,0.273828125,0.3,0.3,0.3,0.3,0.3,0.3,0.3,0.3,0.3,0.3,0.3,0.3,0.3,0.3,0.3,0.3,0.3,0.3,12.0,-0.8,20.0,0.49,0.25,0.3,50.0,0.3
149,0.34140625,0.349609375,0.3,0.3,0.3,0.3,0.3,0.3,0.3,0.3,0.3,0.3,0.3,0.3,0.3,0.3,0.3,0.3,0.3,0.3,12.0,-0.8,20.0,0.49,0.25,0.3,50.0,0.3
150,0.4664062499999999,0.361328125,0.30351562499999996,0.3,0.3,0.3,0.3,0.3,0.3,0.3,0.3,0.3,0.3,0.3,0.3,0.3,0.3,0.3,0.3,0.3,12.0,-0.8,20.0,0.2,0.25,0.3,25.0,0.3
151,0.4839843749999999,0.34882812499999993,0.29218749999999993,0.362890625,0.3,0.3,0.3,0.3,0.3,0.3,0.3,0.3,0.3,0.3,0.3,0.3,0.3,0.3,0.3,0.3,12.0,-0.8,20.0,0.2,0.25,0.3,25.0,0.3
152,0.349609375,0.39374999999999993,0.3,0.3,0.3,0.3,0.3,0.3,0.3,0.3,0.3,0.3,0.3,0.3,0.3,0.3,0.3,0.3,0.3,0.3,12.0,-0.8,20.0,0.2,0.25,0.3,25.0,0.3
153,0.3652343750000001,0.29179687499999996,0.30742187500000007,0.3,0.3,0.3,0.3,0.3,0.3,0.3,0.3,0.3,0.3,0.3,0.3,0.3,0.3,0.3,0.3,0.3,12.0,-0.8,20.0,0.2,0.25,0.3,25.0,0.3
154,0.8839843750000004,0.5,0.3,0.3,0.3,0.3,0.3,0.3,0.3,0.3,0.3,0.3,0.3,0.3,0.3,0.3,0.3,0.3,0.3,0.3,12.0,-0.8,20.0,0.2,0.25,0.3,25.0,0.3
155,0.3847656249999999,0.3414062499999999,0.39296875,0.35703125,0.3,0.3,0.3,0.3,0.3,0.3,0.3,0.3,0.3,0.3,0.3,0.3,0.3,0.3,0.3,0.3,12.0,-0.8,20.0,0.21,0.25,0.3,25.0,0.3
156,0.4800781249999999,0.3714843750000001,0.34375,0.312109375,0.3,0.3,0.3,0.3,0.3,0.3,0.3,0.3,0.3,0.3,0.3,0.3,0.3,0.3,0.3,0.3,12.0,-0.8,20.0,0.21,0.25,0.3,25.0,0.3
157,0.42890624999999993,0.33710937500000004,0.3359374999999999,0.3382812500000001,0.3,0.3,0.3,0.3,0.3,0.3,0.3,0.3,0.3,0.3,0.3,0.3,0.3,0.3,0.3,0.3,12.0,-0.8,20.0,0.21,0.25,0.3,25.0,0.3
158,0.40937500000000004,0.331640625,0.3,0.3,0.3,0.3,0.3,0.3,0.3,0.3,0.3,0.3,0.3,0.3,0.3,0.3,0.3,0.3,0.3,0.3,12.0,-0.8,20.0,0.21,0.25,0.3,25.0,0.3
159,0.3167968750000001,0.2906249999999999,0.28242187500000004,0.32578125,0.38749999999999996,0.32539062499999993,0.3,0.3,0.3,0.3,0.3,0.3,0.3,0.3,0.3,0.3,0.3,0.3,0.3,0.3,12.0,-0.8,20.0,0.21,0.25,0.3,25.0,0.3
160,0.5101562500000001,0.49492187500000007,0.35039062499999996,0.3730468750000001,0.3,0.3,0.3,0.3,0.3,0.3,0.3,0.3,0.3,0.3,0.3,0.3,0.3,0.3,0.3,0.3,12.0,-0.8,20.0,0.22,0.25,0.3,25.0,0.3
161,0.4550781249999999,0.40117187499999996,0.32929687499999993,0.3,0.3,0.3,0.3,0.3,0.3,0.3,0.3,0.3,0.3,0.3,0.3,0.3,0.3,0.3,0.3,0.3,12.0,-0.8,20.0,0.22,0.25,0.3,25.0,0.3
162,0.6132812500000001,0.5949218750000003,0.3,0.3,0.3,0.3,0.3,0.3,0.3,0.3,0.3,0.3,0.3,0.3,0.3,0.3,0.3,0.3,0.3,0.3,12.0,-0.8,20.0,0.22,0.25,0.3,25.0,0.3
163,0.43671875000000004,0.4257812499999999,0.34453124999999996,0.35,0.3,0.3,0.3,0.3,0.3,0.3,0.3,0.3,0.3,0.3,0.3,0.3,0.3,0.3,0.3,0.3,12.0,-0.8,20.0,0.22,0.25,0.3,25.0,0.3
164,0.30390625000000004,0.250390625,0.32929687499999993,0.3,0.3,0.3,0.3,0.3,0.3,0.3,0.3,0.3,0.3,0.3,0.3,0.3,0.3,0.3,0.3,0.3,12.0,-0.8,20.0,0.22,0.25,0.3,25.0,0.3
165,0.33906249999999993,0.27812500000000007,0.347265625,0.3,0.3,0.3,0.3,0.3,0.3,0.3,0.3,0.3,0.3,0.3,0.3,0.3,0.3,0.3,0.3,0.3,12.0,-0.8,20.0,0.23,0.25,0.3,25.0,0.3
166,0.36250000000000004,0.32499999999999996,0.250390625,0.275390625,0.3,0.3,0.3,0.3,0.3,0.3,0.3,0.3,0.3,0.3,0.3,0.3,0.3,0.3,0.3,0.3,12.0,-0.8,20.0,0.23,0.25,0.3,25.0,0.3
167,0.36796874999999984,0.36250000000000004,0.314453125,0.3316406249999999,0.3,0.3,0.3,0.3,0.3,0.3,0.3,0.3,0.3,0.3,0.3,0.3,0.3,0.3,0.3,0.3,12.0,-0.8,20.0,0.23,0.25,0.3,25.0,0.3
168,0.449609375,0.42734375,0.3,0.3,0.3,0.3,0.3,0.3,0.3,0.3,0.3,0.3,0.3,0.3,0.3,0.3,0.3,0.3,0.3,0.3,12.0,-0.8,20.0,0.23,0.25,0.3,25.0,0.3
169,0.42265624999999996,0.30937499999999996,0.29414062499999993,0.300390625,0.3,0.3,0.3,0.3,0.3,0.3,0.3,0.3,0.3,0.3,0.3,0.3,0.3,0.3,0.3,0.3,12.0,-0.8,20.0,0.23,0.25,0.3,25.0,0.3
170,0.421484375,0.40078124999999987,0.3,0.3,0.3,0.3,0.3,0.3,0.3,0.3,0.3,0.3,0.3,0.3,0.3,0.3,0.3,0.3,0.3,0.3,12.0,-0.8,20.0,0.24,0.25,0.3,25.0,0.3
171,0.3,0.3,0.3,0.3,0.3,0.3,0.3,0.3,0.3,0.3,0.3,0.3,0.3,0.3,0.3,0.3,0.3,0.3,0.3,0.3,12.0,-0.8,20.0,0.24,0.25,0.3,25.0,0.3
172,0.28398437499999996,0.280859375,0.314453125,0.281640625,0.3,0.3,0.3,0.3,0.3,0.3,0.3,0.3,0.3,0.3,0.3,0.3,0.3,0.3,0.3,0.3,12.0,-0.8,20.0,0.24,0.25,0.3,25.0,0.3
173,0.48359374999999993,0.4488281249999999,0.3,0.3,0.3,0.3,0.3,0.3,0.3,0.3,0.3,0.3,0.3,0.3,0.3,0.3,0.3,0.3,0.3,0.3,12.0,-0.8,20.0,0.24,0.25,0.3,25.0,0.3
174,0.38710937499999987,0.32148437499999993,0.3730468750000001,0.34062500000000007,0.3,0.3,0.3,0.3,0.3,0.3,0.3,0.3,0.3,0.3,0.3,0.3,0.3,0.3,0.3,0.3,12.0,-0.8,20.0,0.24,0.25,0.3,25.0,0.3
175,0.548828125,0.46718749999999987,0.3,0.3,0.3,0.3,0.3,0.3,0.3,0.3,0.3,0.3,0.3,0.3,0.3,0.3,0.3,0.3,0.3,0.3,12.0,-0.8,20.0,0.25,0.25,0.3,25.0,0.3
176,0.39726562499999996,0.3894531250000002,0.3,0.349609375,0.3,0.3,0.3,0.3,0.3,0.3,0.3,0.3,0.3,0.3,0.3,0.3,0.3,0.3,0.3,0.3,12.0,-0.8,20.0,0.25,0.25,0.3,25.0,0.3
177,0.5453125,0.45585937500000007,0.3,0.3,0.3,0.3,0.3,0.3,0.3,0.3,0.3,0.3,0.3,0.3,0.3,0.3,0.3,0.3,0.3,0.3,12.0,-0.8,20.0,0.25,0.25,0.3,25.0,0.3
178,0.36953125,0.4234374999999999,0.3,0.3,0.3,0.3,0.3,0.3,0.3,0.3,0.3,0.3,0.3,0.3,0.3,0.3,0.3,0.3,0.3,0.3,12.0,-0.8,20.0,0.25,0.25,0.3,25.0,0.3
179,0.42500000000000004,0.30781250000000004,0.3496093749999999,0.31328124999999996,0.3,0.3,0.3,0.3,0.3,0.3,0.3,0.3,0.3,0.3,0.3,0.3,0.3,0.3,0.3,0.3,12.0,-0.8,20.0,0.25,0.25,0.3,25.0,0.3
180,0.250390625,0.39921874999999996,0.250390625,0.3,0.3,0.3,0.3,0.3,0.3,0.3,0.3,0.3,0.3,0.3,0.3,0.3,0.3,0.3,0.3,0.3,12.0,-0.8,20.0,0.26,0.25,0.3,25.0,0.3
181,0.465234375,0.36992187499999996,0.33515625000000004,0.3,0.3,0.3,0.3,0.3,0.3,0.3,0.3,0.3,0.3,0.3,0.3,0.3,0.3,0.3,0.3,0.3,12.0,-0.8,20.0,0.26,0.25,0.3,25.0,0.3
182,0.4496093750000001,0.46054687500000013,0.3,0.3,0.3,0.3,0.3,0.3,0.3,0.3,0.3,0.3,0.3,0.3,0.3,0.3,0.3,0.3,0.3,0.3,12.0,-0.8,20.0,0.26,0.25,0.3,25.0,0.3
183,0.250390625,0.250390625,0.3,0.3,0.3,0.3,0.3,0.3,0.3,0.3,0.3,0.3,0.3,0.3,0.3,0.3,0.3,0.3,0.3,0.3,12.0,-0.8,20.0,0.26,0.25,0.3,25.0,0.3
184,0.3472656249999999,0.396875,0.31953125000000004,0.3375,0.3,0.3,0.3,0.3,0.3,0.3,0.3,0.3,0.3,0.3,0.3,0.3,0.3,0.3,0.3,0.3,12.0,-0.8,20.0,0.26,0.25,0.3,25.0,0.3
185,0.355859375,0.3203125,0.349609375,0.32539062499999993,0.3,0.3,0.3,0.3,0.3,0.3,0.3,0.3,0.3,0.3,0.3,0.3,0.3,0.3,0.3,0.3,12.0,-0.8,20.0,0.27,0.25,0.3,25.0,0.3
186,0.4125000000000001,0.34648437499999996,0.3,0.3,0.3,0.3,0.3,0.3,0.3,0.3,0.3,0.3,0.3,0.3,0.3,0.3,0.3,0.3,0.3,0.3,12.0,-0.8,20.0,0.27,0.25,0.3,25.0,0.3
187,0.46210937499999993,0.37031249999999993,0.349609375,0.32148437499999993,0.3,0.3,0.3,0.3,0.3,0.3,0.3,0.3,0.3,0.3,0.3,0.3,0.3,0.3,0.3,0.3,12.0,-0.8,20.0,0.27,0.25,0.3,25.0,0.3
188,0.4140625,0.353125,0.3,0.3,0.3,0.3,0.3,0.3,0.3,0.3,0.3,0.3,0.3,0.3,0.3,0.3,0.3,0.3,0.3,0.3,12.0,-0.8,20.0,0.27,0.25,0.3,25.0,0.3
189,0.40507812499999996,0.3433593749999999,0.3,0.3,0.3,0.3,0.3,0.3,0.3,0.3,0.3,0.3,0.3,0.3,0.3,0.3,0.3,0.3,0.3,0.3,12.0,-0.8,20.0,0.27,0.25,0.3,25.0,0.3
190,0.4542968749999998,0.35039062499999996,0.3,0.3,0.3,0.3,0.3,0.3,0.3,0.3,0.3,0.3,0.3,0.3,0.3,0.3,0.3,0.3,0.3,0.3,12.0,-0.8,20.0,0.28,0.25,0.3,25.0,0.3
191,0.326171875,0.29374999999999996,0.2890625,0.3125,0.3,0.3,0.3,0.3,0.3,0.3,0.3,0.3,0.3,0.3,0.3,0.3,0.3,0.3,0.3,0.3,12.0,-0.8,20.0,0.28,0.25,0.3,25.0,0.3
192,0.250390625,0.250390625,0.3,0.3,0.3,0.3,0.3,0.3,0.3,0.3,0.3,0.3,0.3,0.3,0.3,0.3,0.3,0.3,0.3,0.3,12.0,-0.8,20.0,0.28,0.25,0.3,25.0,0.3
193,0.36875,0.3304687500000001,0.3,0.3,0.3,0.3,0.3,0.3,0.3,0.3,0.3,0.3,0.3,0.3,0.3,0.3,0.3,0.3,0.3,0.3,12.0,-0.8,20.0,0.28,0.25,0.3,25.0,0.3
194,0.71015625,0.5148437499999998,0.3,0.3,0.3,0.3,0.3,0.3,0.3,0.3,0.3,0.3,0.3,0.3,0.3,0.3,0.3,0.3,0.3,0.3,12.0,-0.8,20.0,0.28,0.25,0.3,25.0,0.3
195,0.251953125,0.2945312499999999,0.27851562500000004,0.30195312499999993,0.3,0.3,0.3,0.3,0.3,0.3,0.3,0.3,0.3,0.3,0.3,0.3,0.3,0.3,0.3,0.3,12.0,-0.8,20.0,0.29,0.25,0.3,25.0,0.3
196,0.6269531250000001,0.5242187500000001,0.3,0.3,0.3,0.3,0.3,0.3,0.3,0.3,0.3,0.3,0.3,0.3,0.3,0.3,0.3,0.3,0.3,0.3,12.0,-0.8,20.0,0.29,0.25,0.3,25.0,0.3
197,0.369140625,0.3726562499999999,0.298828125,0.3,0.3,0.3,0.3,0.3,0.3,0.3,0.3,0.3,0.3,0.3,0.3,0.3,0.3,0.3,0.3,0.3,12.0,-0.8,20.0,0.29,0.25,0.3,25.0,0.3
198,0.333984375,0.265625,0.263671875,0.30585937500000004,0.3,0.3,0.3,0.3,0.3,0.3,0.3,0.3,0.3,0.3,0.3,0.3,0.3,0.3,0.3,0.3,12.0,-0.8,20.0,0.29,0.25,0.3,25.0,0.3
199,0.5375,0.39960937499999993,0.3,0.3,0.3,0.3,0.3,0.3,0.3,0.3,0.3,0.3,0.3,0.3,0.3,0.3,0.3,0.3,0.3,0.3,12.0,-0.8,20.0,0.29,0.25,0.3,25.0,0.3
200,0.250390625,0.33906249999999993,0.3,0.3,0.3,0.3,0.3,0.3,0.3,0.3,0.3,0.3,0.3,0.3,0.3,0.3,0.3,0.3,0.3,0.3,12.0,-0.8,20.0,0.3,0.25,0.3,25.0,0.3
201,0.3539062500000001,0.4722656249999999,0.3,0.3,0.3,0.3,0.3,0.3,0.3,0.3,0.3,0.3,0.3,0.3,0.3,0.3,0.3,0.3,0.3,0.3,12.0,-0.8,20.0,0.3,0.25,0.3,25.0,0.3
202,0.4738281249999998,0.43046874999999984,0.3,0.3,0.3,0.3,0.3,0.3,0.3,0.3,0.3,0.3,0.3,0.3,0.3,0.3,0.3,0.3,0.3,0.3,12.0,-0.8,20.0,0.3,0.25,0.3,25.0,0.3
203,0.33710937500000004,0.2890625,0.3,0.3,0.3,0.3,0.3,0.3,0.3,0.3,0.3,0.3,0.3,0.3,0.3,0.3,0.3,0.3,0.3,0.3,12.0,-0.8,20.0,0.3,0.25,0.3,25.0,0.3
204,0.5351562500000001,0.4843750000000001,0.332421875,0.3,0.3,0.3,0.3,0.3,0.3,0.3,0.3,0.3,0.3,0.3,0.3,0.3,0.3,0.3,0.3,0.3,12.0,-0.8,20.0,0.3,0.25,0.3,25.0,0.3
205,0.40390625,0.40117187499999996,0.3,0.3,0.3,0.3,0.3,0.3,0.3,0.3,0.3,0.3,0.3,0.3,0.3,0.3,0.3,0.3,0.3,0.3,12.0,-0.8,20.0,0.31,0.25,0.3,25.0,0.3
206,0.36210937499999996,0.30937499999999996,0.32148437499999993,0.297265625,0.3,0.3,0.3,0.3,0.3,0.3,0.3,0.3,0.3,0.3,0.3,0.3,0.3,0.3,0.3,0.3,12.0,-0.8,20.0,0.31,0.25,0.3,25.0,0.3
207,0.45781250000000007,0.44453125000000004,0.3,0.3,0.3,0.3,0.3,0.3,0.3,0.3,0.3,0.3,0.3,0.3,0.3,0.3,0.3,0.3,0.3,0.3,12.0,-0.8,20.0,0.31,0.25,0.3,25.0,0.3
208,0.5660156249999999,0.4378906250000001,0.3,0.3,0.3,0.3,0.3,0.3,0.3,0.3,0.3,0.3,0.3,0.3,0.3,0.3,0.3,0.3,0.3,0.3,12.0,-0.8,20.0,0.31,0.25,0.3,25.0,0.3
209,0.39335937499999996,0.29218749999999993,0.29765624999999996,0.35,0.3,0.3,0.3,0.3,0.3,0.3,0.3,0.3,0.3,0.3,0.3,0.3,0.3,0.3,0.3,0.3,12.0,-0.8,20.0,0.31,0.25,0.3,25.0,0.3
210,0.33710937500000004,0.2554687499999999,0.3,0.3,0.3,0.3,0.3,0.3,0.3,0.3,0.3,0.3,0.3,0.3,0.3,0.3,0.3,0.3,0.3,0.3,12.0,-0.8,20.0,0.32,0.25,0.3,25.0,0.3
211,0.42578125,0.36796874999999996,0.38046875,0.37421875000000004,0.38046875,0.3316406249999999,0.3,0.3,0.3,0.3,0.3,0.3,0.3,0.3,0.3,0.3,0.3,0.3,0.3,0.3,12.0,-0.8,20.0,0.32,0.25,0.3,25.0,0.3
212,0.37226562500000004,0.31484374999999987,0.319921875,0.31757812499999993,0.3,0.3,0.3,0.3,0.3,0.3,0.3,0.3,0.3,0.3,0.3,0.3,0.3,0.3,0.3,0.3,12.0,-0.8,20.0,0.32,0.25,0.3,25.0,0.3
213,0.3222656249999999,0.28125,0.3,0.3,0.3,0.3,0.3,0.3,0.3,0.3,0.3,0.3,0.3,0.3,0.3,0.3,0.3,0.3,0.3,0.3,12.0,-0.8,20.0,0.32,0.25,0.3,25.0,0.3
214,0.5058593749999999,0.4406249999999998,0.305078125,0.32539062499999993,0.3,0.3,0.3,0.3,0.3,0.3,0.3,0.3,0.3,0.3,0.3,0.3,0.3,0.3,0.3,0.3,12.0,-0.8,20.0,0.32,0.25,0.3,25.0,0.3
215,0.31718749999999996,0.25117187500000004,0.3,0.3,0.3,0.3,0.3,0.3,0.3,0.3,0.3,0.3,0.3,0.3,0.3,0.3,0.3,0.3,0.3,0.3,12.0,-0.8,20.0,0.33,0.25,0.3,25.0,0.3
216,0.5320312500000002,0.415625,0.3,0.3,0.3,0.3,0.3,0.3,0.3,0.3,0.3,0.3,0.3,0.3,0.3,0.3,0.3,0.3,0.3,0.3,12.0,-0.8,20.0,0.33,0.25,0.3,25.0,0.3
217,0.30000000000000004,0.2890625,0.29804687500000004,0.3,0.3,0.3,0.3,0.3,0.3,0.3,0.3,0.3,0.3,0.3,0.3,0.3,0.3,0.3,0.3,0.3,12.0,-0.8,20.0,0.33,0.25,0.3,25.0,0.3
218,0.355859375,0.46406249999999993,0.31640625,0.33046874999999987,0.3,0.3,0.3,0.3,0.3,0.3,0.3,0.3,0.3,0.3,0.3,0.3,0.3,0.3,0.3,0.3,12.0,-0.8,20.0,0.33,0.25,0.3,25.0,0.3
219,0.324609375,0.2867187499999999,0.349609375,0.349609375,0.3,0.3,0.3,0.3,0.3,0.3,0.3,0.3,0.3,0.3,0.3,0.3,0.3,0.3,0.3,0.3,12.0,-0.8,20.0,0.33,0.25,0.3,25.0,0.3
220,0.400390625,0.3765625,0.3,0.3,0.3,0.3,0.3,0.3,0.3,0.3,0.3,0.3,0.3,0.3,0.3,0.3,0.3,0.3,0.3,0.3,12.0,-0.8,20.0,0.34,0.25,0.3,25.0,0.3
221,0.30351562499999996,0.3,0.3,0.3,0.3,0.3,0.3,0.3,0.3,0.3,0.3,0.3,0.3,0.3,0.3,0.3,0.3,0.3,0.3,0.3,12.0,-0.8,20.0,0.34,0.25,0.3,25.0,0.3
222,0.35703125000000013,0.36601562500000007,0.28515625,0.306640625,0.3,0.3,0.3,0.3,0.3,0.3,0.3,0.3,0.3,0.3,0.3,0.3,0.3,0.3,0.3,0.3,12.0,-0.8,20.0,0.34,0.25,0.3,25.0,0.3
223,0.3515625,0.34140625,0.3,0.3,0.3,0.3,0.3,0.3,0.3,0.3,0.3,0.3,0.3,0.3,0.3,0.3,0.3,0.3,0.3,0.3,12.0,-0.8,20.0,0.34,0.25,0.3,25.0,0.3
224,0.528125,0.32499999999999996,0.3,0.3,0.3,0.3,0.3,0.3,0.3,0.3,0.3,0.3,0.3,0.3,0.3,0.3,0.3,0.3,0.3,0.3,12.0,-0.8,20.0,0.34,0.25,0.3,25.0,0.3
225,0.38007812499999993,0.4121093750000001,0.349609375,0.3,0.3,0.3,0.3,0.3,0.3,0.3,0.3,0.3,0.3,0.3,0.3,0.3,0.3,0.3,0.3,0.3,12.0,-0.8,20.0,0.35,0.25,0.3,25.0,0.3
226,0.39335937500000007,0.30000000000000004,0.320703125,0.3,0.3,0.3,0.3,0.3,0.3,0.3,0.3,0.3,0.3,0.3,0.3,0.3,0.3,0.3,0.3,0.3,12.0,-0.8,20.0,0.35,0.25,0.3,25.0,0.3
227,0.35624999999999996,0.28007812499999996,0.281640625,0.3,0.3,0.3,0.3,0.3,0.3,0.3,0.3,0.3,0.3,0.3,0.3,0.3,0.3,0.3,0.3,0.3,12.0,-0.8,20.0,0.35,0.25,0.3,25.0,0.3
228,0.5597656250000002,0.452734375,0.349609375,0.3,0.3,0.3,0.3,0.3,0.3,0.3,0.3,0.3,0.3,0.3,0.3,0.3,0.3,0.3,0.3,0.3,12.0,-0.8,20.0,0.35,0.25,0.3,25.0,0.3
229,0.3687499999999999,0.35624999999999996,0.28437499999999993,0.32265625,0.3,0.3,0.3,0.3,0.3,0.3,0.3,0.3,0.3,0.3,0.3,0.3,0.3,0.3,0.3,0.3,12.0,-0.8,20.0,0.35,0.25,0.3,25.0,0.3
230,0.2984375,0.30546874999999996,0.27851562500000004,0.293359375,0.3,0.3,0.3,0.3,0.3,0.3,0.3,0.3,0.3,0.3,0.3,0.3,0.3,0.3,0.3,0.3,12.0,-0.8,20.0,0.36,0.25,0.3,25.0,0.3
231,0.46406250000000004,0.48320312500000007,0.3,0.3,0.3,0.3,0.3,0.3,0.3,0.3,0.3,0.3,0.3,0.3,0.3,0.3,0.3,0.3,0.3,0.3,12.0,-0.8,20.0,0.36,0.25,0.3,25.0,0.3
232,0.349609375,0.349609375,0.3,0.3,0.3,0.3,0.3,0.3,0.3,0.3,0.3,0.3,0.3,0.3,0.3,0.3,0.3,0.3,0.3,0.3,12.0,-0.8,20.0,0.36,0.25,0.3,25.0,0.3
233,0.280859375,0.267578125,0.2699218750000001,0.3,0.3,0.3,0.3,0.3,0.3,0.3,0.3,0.3,0.3,0.3,0.3,0.3,0.3,0.3,0.3,0.3,12.0,-0.8,20.0,0.36,0.25,0.3,25.0,0.3
234,0.48515624999999996,0.419921875,0.3,0.3,0.3,0.3,0.3,0.3,0.3,0.3,0.3,0.3,0.3,0.3,0.3,0.3,0.3,0.3,0.3,0.3,12.0,-0.8,20.0,0.36,0.25,0.3,25.0,0.3
235,0.30156249999999996,0.2796875,0.3,0.3,0.3,0.3,0.3,0.3,0.3,0.3,0.3,0.3,0.3,0.3,0.3,0.3,0.3,0.3,0.3,0.3,12.0,-0.8,20.0,0.37,0.25,0.3,25.0,0.3
236,0.5464843749999999,0.37812499999999993,0.3,0.3,0.3,0.3,0.3,0.3,0.3,0.3,0.3,0.3,0.3,0.3,0.3,0.3,0.3,0.3,0.3,0.3,12.0,-0.8,20.0,0.37,0.25,0.3,25.0,0.3
237,0.323828125,0.33164062500000013,0.262109375,0.302734375,0.3,0.3,0.3,0.3,0.3,0.3,0.3,0.3,0.3,0.3,0.3,0.3,0.3,0.3,0.3,0.3,12.0,-0.8,20.0,0.37,0.25,0.3,25.0,0.3
238,0.343359375,0.2984375,0.289453125,0.287109375,0.3,0.3,0.3,0.3,0.3,0.3,0.3,0.3,0.3,0.3,0.3,0.3,0.3,0.3,0.3,0.3,12.0,-0.8,20.0,0.37,0.25,0.3,25.0,0.3
239,0.38828125,0.341796875,0.3,0.3,0.3,0.3,0.3,0.3,0.3,0.3,0.3,0.3,0.3,0.3,0.3,0.3,0.3,0.3,0.3,0.3,12.0,-0.8,20.0,0.37,0.25,0.3,25.0,0.3
240,0.29765624999999996,0.324609375,0.250390625,0.3,0.3,0.3,0.3,0.3,0.3,0.3,0.3,0.3,0.3,0.3,0.3,0.3,0.3,0.3,0.3,0.3,12.0,-0.8,20.0,0.38,0.25,0.3,25.0,0.3
241,0.3816406250000002,0.334375,0.3,0.3,0.3,0.3,0.3,0.3,0.3,0.3,0.3,0.3,0.3,0.3,0.3,0.3,0.3,0.3,0.3,0.3,12.0,-0.8,20.0,0.38,0.25,0.3,25.0,0.3
242,0.5570312500000002,0.526953125,0.3,0.3,0.3,0.3,0.3,0.3,0.3,0.3,0.3,0.3,0.3,0.3,0.3,0.3,0.3,0.3,0.3,0.3,12.0,-0.8,20.0,0.38,0.25,0.3,25.0,0.3
243,0.455078125,0.35039062500000007,0.310546875,0.3,0.3,0.3,0.3,0.3,0.3,0.3,0.3,0.3,0.3,0.3,0.3,0.3,0.3,0.3,0.3,0.3,12.0,-0.8,20.0,0.38,0.25,0.3,25.0,0.3
244,0.3765624999999999,0.333984375,0.3,0.3,0.3,0.3,0.3,0.3,0.3,0.3,0.3,0.3,0.3,0.3,0.3,0.3,0.3,0.3,0.3,0.3,12.0,-0.8,20.0,0.38,0.25,0.3,25.0,0.3
245,0.4433593750000001,0.35624999999999996,0.3,0.3,0.3,0.3,0.3,0.3,0.3,0.3,0.3,0.3,0.3,0.3,0.3,0.3,0.3,0.3,0.3,0.3,12.0,-0.8,20.0,0.39,0.25,0.3,25.0,0.3
246,0.30585937500000004,0.3,0.3,0.3,0.3,0.3,0.3,0.3,0.3,0.3,0.3,0.3,0.3,0.3,0.3,0.3,0.3,0.3,0.3,0.3,12.0,-0.8,20.0,0.39,0.25,0.3,25.0,0.3
247,0.33085937500000007,0.31328125000000007,0.253515625,0.3,0.3,0.3,0.3,0.3,0.3,0.3,0.3,0.3,0.3,0.3,0.3,0.3,0.3,0.3,0.3,0.3,12.0,-0.8,20.0,0.39,0.25,0.3,25.0,0.3
248,0.37812500000000004,0.349609375,0.32304687499999996,0.3,0.3,0.3,0.3,0.3,0.3,0.3,0.3,0.3,0.3,0.3,0.3,0.3,0.3,0.3,0.3,0.3,12.0,-0.8,20.0,0.39,0.25,0.3,25.0,0.3
249,0.43437499999999996,0.3457031249999999,0.3,0.3,0.3,0.3,0.3,0.3,0.3,0.3,0.3,0.3,0.3,0.3,0.3,0.3,0.3,0.3,0.3,0.3,12.0,-0.8,20.0,0.39,0.25,0.3,25.0,0.3
250,0.42343750000000013,0.387109375,0.3,0.3,0.3,0.3,0.3,0.3,0.3,0.3,0.3,0.3,0.3,0.3,0.3,0.3,0.3,0.3,0.3,0.3,12.0,-0.8,20.0,0.4,0.25,0.3,25.0,0.3
251,0.30000000000000004,0.262109375,0.250390625,0.254296875,0.3,0.3,0.3,0.3,0.3,0.3,0.3,0.3,0.3,0.3,0.3,0.3,0.3,0.3,0.3,0.3,12.0,-0.8,20.0,0.4,0.25,0.3,25.0,0.3
252,0.26445312499999996,0.250390625,0.3,0.3,0.3,0.3,0.3,0.3,0.3,0.3,0.3,0.3,0.3,0.3,0.3,0.3,0.3,0.3,0.3,0.3,12.0,-0.8,20.0,0.4,0.25,0.3,25.0,0.3
253,0.28515625,0.25078124999999996,0.3,0.3,0.3,0.3,0.3,0.3,0.3,0.3,0.3,0.3,0.3,0.3,0.3,0.3,0.3,0.3,0.3,0.3,12.0,-0.8,20.0,0.4,0.25,0.3,25.0,0.3
254,0.2945312499999999,0.26835937500000007,0.3,0.3,0.3,0.3,0.3,0.3,0.3,0.3,0.3,0.3,0.3,0.3,0.3,0.3,0.3,0.3,0.3,0.3,12.0,-0.8,20.0,0.4,0.25,0.3,25.0,0.3
255,0.4117187499999999,0.371484375,0.3,0.3,0.3,0.3,0.3,0.3,0.3,0.3,0.3,0.3,0.3,0.3,0.3,0.3,0.3,0.3,0.3,0.3,12.0,-0.8,20.0,0.41,0.25,0.3,25.0,0.3
256,0.396484375,0.2578125000000001,0.349609375,0.32695312499999996,0.3,0.3,0.3,0.3,0.3,0.3,0.3,0.3,0.3,0.3,0.3,0.3,0.3,0.3,0.3,0.3,12.0,-0.8,20.0,0.41,0.25,0.3,25.0,0.3
257,0.362890625,0.40234375,0.33828125,0.32929687499999993,0.3,0.3,0.3,0.3,0.3,0.3,0.3,0.3,0.3,0.3,0.3,0.3,0.3,0.3,0.3,0.3,12.0,-0.8,20.0,0.41,0.25,0.3,25.0,0.3
258,0.34882812499999993,0.3492187499999999,0.3,0.3,0.3,0.3,0.3,0.3,0.3,0.3,0.3,0.3,0.3,0.3,0.3,0.3,0.3,0.3,0.3,0.3,12.0,-0.8,20.0,0.41,0.25,0.3,25.0,0.3
259,0.37421874999999993,0.25507812499999993,0.3296874999999999,0.308984375,0.3,0.3,0.3,0.3,0.3,0.3,0.3,0.3,0.3,0.3,0.3,0.3,0.3,0.3,0.3,0.3,12.0,-0.8,20.0,0.41,0.25,0.3,25.0,0.3
260,0.3,0.3,0.3,0.3,0.3,0.3,0.3,0.3,0.3,0.3,0.3,0.3,0.3,0.3,0.3,0.3,0.3,0.3,0.3,0.3,12.0,-0.8,20.0,0.42,0.25,0.3,25.0,0.3
261,0.30625,0.28398437499999996,0.3,0.3,0.3,0.3,0.3,0.3,0.3,0.3,0.3,0.3,0.3,0.3,0.3,0.3,0.3,0.3,0.3,0.3,12.0,-0.8,20.0,0.42,0.25,0.3,25.0,0.3
262,0.35664062500000004,0.34492187500000004,0.3,0.3,0.3,0.3,0.3,0.3,0.3,0.3,0.3,0.3,0.3,0.3,0.3,0.3,0.3,0.3,0.3,0.3,12.0,-0.8,20.0,0.42,0.25,0.3,25.0,0.3
263,0.43085937499999993,0.30937499999999996,0.3,0.3,0.3,0.3,0.3,0.3,0.3,0.3,0.3,0.3,0.3,0.3,0.3,0.3,0.3,0.3,0.3,0.3,12.0,-0.8,20.0,0.42,0.25,0.3,25.0,0.3
264,0.28359375,0.258203125,0.250390625,0.275390625,0.3,0.3,0.3,0.3,0.3,0.3,0.3,0.3,0.3,0.3,0.3,0.3,0.3,0.3,0.3,0.3,12.0,-0.8,20.0,0.42,0.25,0.3,25.0,0.3
265,0.42109374999999993,0.374609375,0.3,0.3,0.3,0.3,0.3,0.3,0.3,0.3,0.3,0.3,0.3,0.3,0.3,0.3,0.3,0.3,0.3,0.3,12.0,-0.8,20.0,0.43,0.25,0.3,25.0,0.3
266,0.40546874999999993,0.32499999999999996,0.29179687499999996,0.3,0.3,0.3,0.3,0.3,0.3,0.3,0.3,0.3,0.3,0.3,0.3,0.3,0.3,0.3,0.3,0.3,12.0,-0.8,20.0,0.43,0.25,0.3,25.0,0.3
267,0.355078125,0.296484375,0.31484374999999987,0.3,0.3,0.3,0.3,0.3,0.3,0.3,0.3,0.3,0.3,0.3,0.3,0.3,0.3,0.3,0.3,0.3,12.0,-0.8,20.0,0.43,0.25,0.3,25.0,0.3
268,0.2875,0.258203125,0.271484375,0.3,0.3,0.3,0.3,0.3,0.3,0.3,0.3,0.3,0.3,0.3,0.3,0.3,0.3,0.3,0.3,0.3,12.0,-0.8,20.0,0.43,0.25,0.3,25.0,0.3
269,0.36640624999999993,0.3316406249999999,0.34648437499999996,0.32539062499999993,0.3,0.3,0.3,0.3,0.3,0.3,0.3,0.3,0.3,0.3,0.3,0.3,0.3,0.3,0.3,0.3,12.0,-0.8,20.0,0.43,0.25,0.3,25.0,0.3
270,0.303125,0.25117187500000004,0.3,0.3,0.3,0.3,0.3,0.3,0.3,0.3,0.3,0.3,0.3,0.3,0.3,0.3,0.3,0.3,0.3,0.3,12.0,-0.8,20.0,0.44,0.25,0.3,25.0,0.3
271,0.3531249999999999,0.267578125,0.250390625,0.3,0.3,0.3,0.3,0.3,0.3,0.3,0.3,0.3,0.3,0.3,0.3,0.3,0.3,0.3,0.3,0.3,12.0,-0.8,20.0,0.44,0.25,0.3,25.0,0.3
272,0.337890625,0.3125,0.31718749999999996,0.3,0.3,0.3,0.3,0.3,0.3,0.3,0.3,0.3,0.3,0.3,0.3,0.3,0.3,0.3,0.3,0.3,12.0,-0.8,20.0,0.44,0.25,0.3,25.0,0.3
273,0.384375,0.37382812499999996,0.3,0.3,0.3,0.3,0.3,0.3,0.3,0.3,0.3,0.3,0.3,0.3,0.3,0.3,0.3,0.3,0.3,0.3,12.0,-0.8,20.0,0.44,0.25,0.3,25.0,0.3
274,0.44765625,0.408203125,0.3,0.3,0.3,0.3,0.3,0.3,0.3,0.3,0.3,0.3,0.3,0.3,0.3,0.3,0.3,0.3,0.3,0.3,12.0,-0.8,20.0,0.44,0.25,0.3,25.0,0.3
275,0.3277343749999999,0.250390625,0.250390625,0.3,0.3,0.3,0.3,0.3,0.3,0.3,0.3,0.3,0.3,0.3,0.3,0.3,0.3,0.3,0.3,0.3,12.0,-0.8,20.0,0.45,0.25,0.3,25.0,0.3
276,0.387109375,0.29296875,0.27070312500000004,0.250390625,0.3,0.3,0.3,0.3,0.3,0.3,0.3,0.3,0.3,0.3,0.3,0.3,0.3,0.3,0.3,0.3,12.0,-0.8,20.0,0.45,0.25,0.3,25.0,0.3
277,0.347265625,0.30625,0.3,0.3,0.3,0.3,0.3,0.3,0.3,0.3,0.3,0.3,0.3,0.3,0.3,0.3,0.3,0.3,0.3,0.3,12.0,-0.8,20.0,0.45,0.25,0.3,25.0,0.3
278,0.3140624999999999,0.254296875,0.3,0.3,0.3,0.3,0.3,0.3,0.3,0.3,0.3,0.3,0.3,0.3,0.3,0.3,0.3,0.3,0.3,0.3,12.0,-0.8,20.0,0.45,0.25,0.3,25.0,0.3
279,0.349609375,0.324609375,0.3,0.3,0.3,0.3,0.3,0.3,0.3,0.3,0.3,0.3,0.3,0.3,0.3,0.3,0.3,0.3,0.3,0.3,12.0,-0.8,20.0,0.45,0.25,0.3,25.0,0.3
280,0.339453125,0.31953125000000004,0.3,0.3,0.3,0.3,0.3,0.3,0.3,0.3,0.3,0.3,0.3,0.3,0.3,0.3,0.3,0.3,0.3,0.3,12.0,-0.8,20.0,0.46,0.25,0.3,25.0,0.3
281,0.37734375,0.37578125000000007,0.3,0.3,0.3,0.3,0.3,0.3,0.3,0.3,0.3,0.3,0.3,0.3,0.3,0.3,0.3,0.3,0.3,0.3,12.0,-0.8,20.0,0.46,0.25,0.3,25.0,0.3
282,0.398828125,0.3125,0.3,0.3,0.3,0.3,0.3,0.3,0.3,0.3,0.3,0.3,0.3,0.3,0.3,0.3,0.3,0.3,0.3,0.3,12.0,-0.8,20.0,0.46,0.25,0.3,25.0,0.3
283,0.33867187499999996,0.349609375,0.3,0.3,0.3,0.3,0.3,0.3,0.3,0.3,0.3,0.3,0.3,0.3,0.3,0.3,0.3,0.3,0.3,0.3,12.0,-0.8,20.0,0.46,0.25,0.3,25.0,0.3
284,0.3441406250000001,0.35546875,0.298828125,0.3,0.3,0.3,0.3,0.3,0.3,0.3,0.3,0.3,0.3,0.3,0.3,0.3,0.3,0.3,0.3,0.3,12.0,-0.8,20.0,0.46,0.25,0.3,25.0,0.3
285,0.4476562500000001,0.43203124999999987,0.3,0.3,0.3,0.3,0.3,0.3,0.3,0.3,0.3,0.3,0.3,0.3,0.3,0.3,0.3,0.3,0.3,0.3,12.0,-0.8,20.0,0.47,0.25,0.3,25.0,0.3
286,0.258203125,0.250390625,0.3,0.3,0.3,0.3,0.3,0.3,0.3,0.3,0.3,0.3,0.3,0.3,0.3,0.3,0.3,0.3,0.3,0.3,12.0,-0.8,20.0,0.47,0.25,0.3,25.0,0.3
287,0.39921874999999996,0.25507812499999993,0.3,0.3,0.3,0.3,0.3,0.3,0.3,0.3,0.3,0.3,0.3,0.3,0.3,0.3,0.3,0.3,0.3,0.3,12.0,-0.8,20.0,0.47,0.25,0.3,25.0,0.3
288,0.287109375,0.30000000000000004,0.27226562500000007,0.3,0.3,0.3,0.3,0.3,0.3,0.3,0.3,0.3,0.3,0.3,0.3,0.3,0.3,0.3,0.3,0.3,12.0,-0.8,20.0,0.47,0.25,0.3,25.0,0.3
289,0.4484374999999998,0.3792968750000001,0.3,0.3,0.3,0.3,0.3,0.3,0.3,0.3,0.3,0.3,0.3,0.3,0.3,0.3,0.3,0.3,0.3,0.3,12.0,-0.8,20.0,0.47,0.25,0.3,25.0,0.3
290,0.3769531249999999,0.28984374999999996,0.3,0.3,0.3,0.3,0.3,0.3,0.3,0.3,0.3,0.3,0.3,0.3,0.3,0.3,0.3,0.3,0.3,0.3,12.0,-0.8,20.0,0.48,0.25,0.3,25.0,0.3
291,0.428125,0.34921875,0.3,0.3,0.3,0.3,0.3,0.3,0.3,0.3,0.3,0.3,0.3,0.3,0.3,0.3,0.3,0.3,0.3,0.3,12.0,-0.8,20.0,0.48,0.25,0.3,25.0,0.3
292,0.30000000000000004,0.26015625,0.3,0.3,0.3,0.3,0.3,0.3,0.3,0.3,0.3,0.3,0.3,0.3,0.3,0.3,0.3,0.3,0.3,0.3,12.0,-0.8,20.0,0.48,0.25,0.3,25.0,0.3
293,0.42421874999999987,0.26679687500000004,0.281640625,0.3,0.3,0.3,0.3,0.3,0.3,0.3,0.3,0.3,0.3,0.3,0.3,0.3,0.3,0.3,0.3,0.3,12.0,-0.8,20.0,0.48,0.25,0.3,25.0,0.3
294,0.4933593749999998,0.3394531249999999,0.3,0.3,0.3,0.3,0.3,0.3,0.3,0.3,0.3,0.3,0.3,0.3,0.3,0.3,0.3,0.3,0.3,0.3,12.0,-0.8,20.0,0.48,0.25,0.3,25.0,0.3
295,0.29414062499999993,0.39921874999999996,0.3,0.3,0.3,0.3,0.3,0.3,0.3,0.3,0.3,0.3,0.3,0.3,0.3,0.3,0.3,0.3,0.3,0.3,12.0,-0.8,20.0,0.49,0.25,0.3,25.0,0.3
296,0.3316406249999999,0.298828125,0.250390625,0.3,0.3,0.3,0.3,0.3,0.3,0.3,0.3,0.3,0.3,0.3,0.3,0.3,0.3,0.3,0.3,0.3,12.0,-0.8,20.0,0.49,0.25,0.3,25.0,0.3
297,0.36640625000000004,0.367578125,0.3,0.3,0.3,0.3,0.3,0.3,0.3,0.3,0.3,0.3,0.3,0.3,0.3,0.3,0.3,0.3,0.3,0.3,12.0,-0.8,20.0,0.49,0.25,0.3,25.0,0.3
298,0.349609375,0.312109375,0.3,0.3,0.3,0.3,0.3,0.3,0.3,0.3,0.3,0.3,0.3,0.3,0.3,0.3,0.3,0.3,0.3,0.3,12.0,-0.8,20.0,0.49,0.25,0.3,25.0,0.3
299,0.324609375,0.488671875,0.3,0.3,0.3,0.3,0.3,0.3,0.3,0.3,0.3,0.3,0.3,0.3,0.3,0.3,0.3,0.3,0.3,0.3,12.0,-0.8,20.0,0.49,0.25,0.3,25.0,0.3
