,Q1,Q2,Q3,Q4,Q5,Q6,Q7,Q8,Q9,Q10,Q11,Q12,Q13,Q14,Q15,Q16,Q17,Q18,Q19,Q20,sim_time,forget_threshold,num_facts,model_sof,c,s,F,t0
0,0.349609375,0.259765625,0.3,0.3,0.3,0.3,0.3,0.3,0.3,0.3,0.3,0.3,0.3,0.3,0.3,0.3,0.3,0.3,0.3,0.3,12.0,-0.8,20.0,0.2,0.25,0.3,50.0,0.3
1,0.30000000000000004,0.3,0.3,0.3,0.3,0.3,0.3,0.3,0.3,0.3,0.3,0.3,0.3,0.3,0.3,0.3,0.3,0.3,0.3,0.3,12.0,-0.8,20.0,0.2,0.25,0.3,50.0,0.3
2,0.25078124999999996,0.5148437499999998,0.3,0.3,0.3,0.3,0.3,0.3,0.3,0.3,0.3,0.3,0.3,0.3,0.3,0.3,0.3,0.3,0.3,0.3,12.0,-0.8,20.0,0.2,0.25,0.3,50.0,0.3
3,0.44257812499999993,0.40390625,0.3,0.3,0.3,0.3,0.3,0.3,0.3,0.3,0.3,0.3,0.3,0.3,0.3,0.3,0.3,0.3,0.3,0.3,12.0,-0.8,20.0,0.2,0.25,0.3,50.0,0.3
4,0.28632812499999993,0.29374999999999996,0.36250000000000004,0.3,0.3,0.3,0.3,0.3,0.3,0.3,0.3,0.3,0.3,0.3,0.3,0.3,0.3,0.3,0.3,0.3,12.0,-0.8,20.0,0.2,0.25,0.3,50.0,0.3
5,0.2953125,0.36250000000000004,0.3,0.3,0.3,0.3,0.3,0.3,0.3,0.3,0.3,0.3,0.3,0.3,0.3,0.3,0.3,0.3,0.3,0.3,12.0,-0.8,20.0,0.21,0.25,0.3,50.0,0.3
6,0.36601562499999996,0.35546875,0.3,0.3,0.3,0.3,0.3,0.3,0.3,0.3,0.3,0.3,0.3,0.3,0.3,0.3,0.3,0.3,0.3,0.3,12.0,-0.8,20.0,0.21,0.25,0.3,50.0,0.3
7,0.380859375,0.341796875,0.3,0.3,0.3,0.3,0.3,0.3,0.3,0.3,0.3,0.3,0.3,0.3,0.3,0.3,0.3,0.3,0.3,0.3,12.0,-0.8,20.0,0.21,0.25,0.3,50.0,0.3
8,0.26953125,0.33906249999999993,0.3,0.3,0.3,0.3,0.3,0.3,0.3,0.3,0.3,0.3,0.3,0.3,0.3,0.3,0.3,0.3,0.3,0.3,12.0,-0.8,20.0,0.21,0.25,0.3,50.0,0.3
9,0.3749999999999999,0.25703124999999993,0.3,0.3,0.3,0.3,0.3,0.3,0.3,0.3,0.3,0.3,0.3,0.3,0.3,0.3,0.3,0.3,0.3,0.3,12.0,-0.8,20.0,0.21,0.25,0.3,50.0,0.3
10,0.39140624999999996,0.42265624999999996,0.3,0.3,0.3,0.3,0.3,0.3,0.3,0.3,0.3,0.3,0.3,0.3,0.3,0.3,0.3,0.3,0.3,0.3,12.0,-0.8,20.0,0.22,0.25,0.3,50.0,0.3
11,0.48671874999999987,0.349609375,0.3,0.3,0.3,0.3,0.3,0.3,0.3,0.3,0.3,0.3,0.3,0.3,0.3,0.3,0.3,0.3,0.3,0.3,12.0,-0.8,20.0,0.22,0.25,0.3,50.0,0.3
12,0.40585937500000013,0.323828125,0.3,0.3,0.3,0.3,0.3,0.3,0.3,0.3,0.3,0.3,0.3,0.3,0.3,0.3,0.3,0.3,0.3,0.3,12.0,-0.8,20.0,0.22,0.25,0.3,50.0,0.3
13,0.45156249999999987,0.30937499999999996,0.3,0.3,0.3,0.3,0.3,0.3,0.3,0.3,0.3,0.3,0.3,0.3,0.3,0.3,0.3,0.3,0.3,0.3,12.0,-0.8,20.0,0.22,0.25,0.3,50.0,0.3
14,0.37890625,0.351171875,0.3,0.3,0.3,0.3,0.3,0.3,0.3,0.3,0.3,0.3,0.3,0.3,0.3,0.3,0.3,0.3,0.3,0.3,12.0,-0.8,20.0,0.22,0.25,0.3,50.0,0.3
15,0.3109375,0.31562500000000004,0.29414062499999993,0.3,0.3,0.3,0.3,0.3,0.3,0.3,0.3,0.3,0.3,0.3,0.3,0.3,0.3,0.3,0.3,0.3,12.0,-0.8,20.0,0.23,0.25,0.3,50.0,0.3
16,0.35078125000000004,0.330078125,0.3,0.3,0.3,0.3,0.3,0.3,0.3,0.3,0.3,0.3,0.3,0.3,0.3,0.3,0.3,0.3,0.3,0.3,12.0,-0.8,20.0,0.23,0.25,0.3,50.0,0.3
17,0.5066406249999998,0.32109375000000007,0.3,0.3,0.3,0.3,0.3,0.3,0.3,0.3,0.3,0.3,0.3,0.3,0.3,0.3,0.3,0.3,0.3,0.3,12.0,-0.8,20.0,0.23,0.25,0.3,50.0,0.3
18,0.250390625,0.3,0.3,0.3,0.3,0.3,0.3,0.3,0.3,0.3,0.3,0.3,0.3,0.3,0.3,0.3,0.3,0.3,0.3,0.3,12.0,-0.8,20.0,0.23,0.25,0.3,50.0,0.3
19,0.394921875,0.2828125,0.3,0.3,0.3,0.3,0.3,0.3,0.3,0.3,0.3,0.3,0.3,0.3,0.3,0.3,0.3,0.3,0.3,0.3,12.0,-0.8,20.0,0.23,0.25,0.3,50.0,0.3
20,0.3374999999999999,0.280859375,0.250390625,0.3,0.3,0.3,0.3,0.3,0.3,0.3,0.3,0.3,0.3,0.3,0.3,0.3,0.3,0.3,0.3,0.3,12.0,-0.8,20.0,0.24,0.25,0.3,50.0,0.3
21,0.335546875,0.3550781249999999,0.30156249999999996,0.35,0.3,0.3,0.3,0.3,0.3,0.3,0.3,0.3,0.3,0.3,0.3,0.3,0.3,0.3,0.3,0.3,12.0,-0.8,20.0,0.24,0.25,0.3,50.0,0.3
22,0.37773437500000007,0.28984374999999996,0.31757812499999993,0.3,0.3,0.3,0.3,0.3,0.3,0.3,0.3,0.3,0.3,0.3,0.3,0.3,0.3,0.3,0.3,0.3,12.0,-0.8,20.0,0.24,0.25,0.3,50.0,0.3
23,0.33476562500000007,0.29609374999999993,0.3,0.3,0.3,0.3,0.3,0.3,0.3,0.3,0.3,0.3,0.3,0.3,0.3,0.3,0.3,0.3,0.3,0.3,12.0,-0.8,20.0,0.24,0.25,0.3,50.0,0.3
24,0.280859375,0.30781250000000004,0.266015625,0.30585937500000004,0.3,0.3,0.3,0.3,0.3,0.3,0.3,0.3,0.3,0.3,0.3,0.3,0.3,0.3,0.3,0.3,12.0,-0.8,20.0,0.24,0.25,0.3,50.0,0.3
25,0.50703125,0.355859375,0.3,0.3,0.3,0.3,0.3,0.3,0.3,0.3,0.3,0.3,0.3,0.3,0.3,0.3,0.3,0.3,0.3,0.3,12.0,-0.8,20.0,0.25,0.25,0.3,50.0,0.3
26,0.402734375,0.41132812499999993,0.3,0.3,0.3,0.3,0.3,0.3,0.3,0.3,0.3,0.3,0.3,0.3,0.3,0.3,0.3,0.3,0.3,0.3,12.0,-0.8,20.0,0.25,0.25,0.3,50.0,0.3
27,0.2734375000000001,0.26796875,0.345703125,0.328515625,0.3,0.3,0.3,0.3,0.3,0.3,0.3,0.3,0.3,0.3,0.3,0.3,0.3,0.3,0.3,0.3,12.0,-0.8,20.0,0.25,0.25,0.3,50.0,0.3
28,0.3375,0.34882812499999993,0.3,0.3,0.3,0.3,0.3,0.3,0.3,0.3,0.3,0.3,0.3,0.3,0.3,0.3,0.3,0.3,0.3,0.3,12.0,-0.8,20.0,0.25,0.25,0.3,50.0,0.3
29,0.37187499999999996,0.26835937500000007,0.34296874999999993,0.29804687500000004,0.3,0.3,0.3,0.3,0.3,0.3,0.3,0.3,0.3,0.3,0.3,0.3,0.3,0.3,0.3,0.3,12.0,-0.8,20.0,0.25,0.25,0.3,50.0,0.3
30,0.3515624999999999,0.39960937500000004,0.324609375,0.3,0.3,0.3,0.3,0.3,0.3,0.3,0.3,0.3,0.3,0.3,0.3,0.3,0.3,0.3,0.3,0.3,12.0,-0.8,20.0,0.26,0.25,0.3,50.0,0.3
31,0.4429687499999999,0.33710937499999993,0.3,0.3,0.3,0.3,0.3,0.3,0.3,0.3,0.3,0.3,0.3,0.3,0.3,0.3,0.3,0.3,0.3,0.3,12.0,-0.8,20.0,0.26,0.25,0.3,50.0,0.3
32,0.4335937499999999,0.3277343749999999,0.3,0.3,0.3,0.3,0.3,0.3,0.3,0.3,0.3,0.3,0.3,0.3,0.3,0.3,0.3,0.3,0.3,0.3,12.0,-0.8,20.0,0.26,0.25,0.3,50.0,0.3
33,0.34140625,0.2578125,0.3,0.3,0.3,0.3,0.3,0.3,0.3,0.3,0.3,0.3,0.3,0.3,0.3,0.3,0.3,0.3,0.3,0.3,12.0,-0.8,20.0,0.26,0.25,0.3,50.0,0.3
34,0.35468749999999993,0.38593749999999993,0.3,0.3,0.3,0.3,0.3,0.3,0.3,0.3,0.3,0.3,0.3,0.3,0.3,0.3,0.3,0.3,0.3,0.3,12.0,-0.8,20.0,0.26,0.25,0.3,50.0,0.3
35,0.35468749999999993,0.3746093749999999,0.3,0.3,0.3,0.3,0.3,0.3,0.3,0.3,0.3,0.3,0.3,0.3,0.3,0.3,0.3,0.3,0.3,0.3,12.0,-0.8,20.0,0.27,0.25,0.3,50.0,0.3
36,0.398828125,0.30625,0.3,0.3,0.3,0.3,0.3,0.3,0.3,0.3,0.3,0.3,0.3,0.3,0.3,0.3,0.3,0.3,0.3,0.3,12.0,-0.8,20.0,0.27,0.25,0.3,50.0,0.3
37,0.38945312499999996,0.2875000000000001,0.3,0.3,0.3,0.3,0.3,0.3,0.3,0.3,0.3,0.3,0.3,0.3,0.3,0.3,0.3,0.3,0.3,0.3,12.0,-0.8,20.0,0.27,0.25,0.3,50.0,0.3
38,0.27109375,0.32265625,0.3,0.3,0.3,0.3,0.3,0.3,0.3,0.3,0.3,0.3,0.3,0.3,0.3,0.3,0.3,0.3,0.3,0.3,12.0,-0.8,20.0,0.27,0.25,0.3,50.0,0.3
39,0.41289062499999984,0.38945312499999996,0.3,0.3,0.3,0.3,0.3,0.3,0.3,0.3,0.3,0.3,0.3,0.3,0.3,0.3,0.3,0.3,0.3,0.3,12.0,-0.8,20.0,0.27,0.25,0.3,50.0,0.3
40,0.30000000000000004,0.250390625,0.3,0.3,0.3,0.3,0.3,0.3,0.3,0.3,0.3,0.3,0.3,0.3,0.3,0.3,0.3,0.3,0.3,0.3,12.0,-0.8,20.0,0.28,0.25,0.3,50.0,0.3
41,0.4,0.3746093749999999,0.250390625,0.3,0.3,0.3,0.3,0.3,0.3,0.3,0.3,0.3,0.3,0.3,0.3,0.3,0.3,0.3,0.3,0.3,12.0,-0.8,20.0,0.28,0.25,0.3,50.0,0.3
42,0.37578125000000007,0.41289062499999984,0.3,0.3,0.3,0.3,0.3,0.3,0.3,0.3,0.3,0.3,0.3,0.3,0.3,0.3,0.3,0.3,0.3,0.3,12.0,-0.8,20.0,0.28,0.25,0.3,50.0,0.3
43,0.46796874999999993,0.3125,0.3,0.3,0.3,0.3,0.3,0.3,0.3,0.3,0.3,0.3,0.3,0.3,0.3,0.3,0.3,0.3,0.3,0.3,12.0,-0.8,20.0,0.28,0.25,0.3,50.0,0.3
44,0.44921875,0.38789062499999993,0.3,0.3,0.3,0.3,0.3,0.3,0.3,0.3,0.3,0.3,0.3,0.3,0.3,0.3,0.3,0.3,0.3,0.3,12.0,-0.8,20.0,0.28,0.25,0.3,50.0,0.3
45,0.37812500000000004,0.319921875,0.3,0.3,0.3,0.3,0.3,0.3,0.3,0.3,0.3,0.3,0.3,0.3,0.3,0.3,0.3,0.3,0.3,0.3,12.0,-0.8,20.0,0.29,0.25,0.3,50.0,0.3
46,0.3421875,0.44296875,0.3,0.3,0.3,0.3,0.3,0.3,0.3,0.3,0.3,0.3,0.3,0.3,0.3,0.3,0.3,0.3,0.3,0.3,12.0,-0.8,20.0,0.29,0.25,0.3,50.0,0.3
47,0.33124999999999993,0.290625,0.3,0.3,0.3,0.3,0.3,0.3,0.3,0.3,0.3,0.3,0.3,0.3,0.3,0.3,0.3,0.3,0.3,0.3,12.0,-0.8,20.0,0.29,0.25,0.3,50.0,0.3
48,0.250390625,0.359375,0.3,0.3,0.3,0.3,0.3,0.3,0.3,0.3,0.3,0.3,0.3,0.3,0.3,0.3,0.3,0.3,0.3,0.3,12.0,-0.8,20.0,0.29,0.25,0.3,50.0,0.3
49,0.43046874999999996,0.3457031250000001,0.3,0.3,0.3,0.3,0.3,0.3,0.3,0.3,0.3,0.3,0.3,0.3,0.3,0.3,0.3,0.3,0.3,0.3,12.0,-0.8,20.0,0.29,0.25,0.3,50.0,0.3
50,0.3281249999999999,0.250390625,0.3,0.3,0.3,0.3,0.3,0.3,0.3,0.3,0.3,0.3,0.3,0.3,0.3,0.3,0.3,0.3,0.3,0.3,12.0,-0.8,20.0,0.3,0.25,0.3,50.0,0.3
51,0.28437499999999993,0.25078124999999996,0.3,0.3,0.3,0.3,0.3,0.3,0.3,0.3,0.3,0.3,0.3,0.3,0.3,0.3,0.3,0.3,0.3,0.3,12.0,-0.8,20.0,0.3,0.25,0.3,50.0,0.3
52,0.34882812499999993,0.32499999999999996,0.3,0.3,0.3,0.3,0.3,0.3,0.3,0.3,0.3,0.3,0.3,0.3,0.3,0.3,0.3,0.3,0.3,0.3,12.0,-0.8,20.0,0.3,0.25,0.3,50.0,0.3
53,0.25078124999999996,0.250390625,0.3,0.3,0.3,0.3,0.3,0.3,0.3,0.3,0.3,0.3,0.3,0.3,0.3,0.3,0.3,0.3,0.3,0.3,12.0,-0.8,20.0,0.3,0.25,0.3,50.0,0.3
54,0.37031250000000004,0.37578125000000007,0.3,0.3,0.3,0.3,0.3,0.3,0.3,0.3,0.3,0.3,0.3,0.3,0.3,0.3,0.3,0.3,0.3,0.3,12.0,-0.8,20.0,0.3,0.25,0.3,50.0,0.3
55,0.349609375,0.28515625,0.3,0.3,0.3,0.3,0.3,0.3,0.3,0.3,0.3,0.3,0.3,0.3,0.3,0.3,0.3,0.3,0.3,0.3,12.0,-0.8,20.0,0.31,0.25,0.3,50.0,0.3
56,0.519921875,0.373046875,0.3,0.3,0.3,0.3,0.3,0.3,0.3,0.3,0.3,0.3,0.3,0.3,0.3,0.3,0.3,0.3,0.3,0.3,12.0,-0.8,20.0,0.31,0.25,0.3,50.0,0.3
57,0.31562499999999993,0.30000000000000004,0.3,0.3,0.3,0.3,0.3,0.3,0.3,0.3,0.3,0.3,0.3,0.3,0.3,0.3,0.3,0.3,0.3,0.3,12.0,-0.8,20.0,0.31,0.25,0.3,50.0,0.3
58,0.29414062499999993,0.250390625,0.3,0.3,0.3,0.3,0.3,0.3,0.3,0.3,0.3,0.3,0.3,0.3,0.3,0.3,0.3,0.3,0.3,0.3,12.0,-0.8,20.0,0.31,0.25,0.3,50.0,0.3
59,0.316796875,0.259375,0.3,0.3,0.3,0.3,0.3,0.3,0.3,0.3,0.3,0.3,0.3,0.3,0.3,0.3,0.3,0.3,0.3,0.3,12.0,-0.8,20.0,0.31,0.25,0.3,50.0,0.3
60,0.3277343749999999,0.2617187500000001,0.3,0.3,0.3,0.3,0.3,0.3,0.3,0.3,0.3,0.3,0.3,0.3,0.3,0.3,0.3,0.3,0.3,0.3,12.0,-0.8,20.0,0.32,0.25,0.3,50.0,0.3
61,0.375,0.349609375,0.3,0.3,0.3,0.3,0.3,0.3,0.3,0.3,0.3,0.3,0.3,0.3,0.3,0.3,0.3,0.3,0.3,0.3,12.0,-0.8,20.0,0.32,0.25,0.3,50.0,0.3
62,0.32578125,0.2984375,0.3,0.3,0.3,0.3,0.3,0.3,0.3,0.3,0.3,0.3,0.3,0.3,0.3,0.3,0.3,0.3,0.3,0.3,12.0,-0.8,20.0,0.32,0.25,0.3,50.0,0.3
63,0.396875,0.30000000000000004,0.3,0.3,0.3,0.3,0.3,0.3,0.3,0.3,0.3,0.3,0.3,0.3,0.3,0.3,0.3,0.3,0.3,0.3,12.0,-0.8,20.0,0.32,0.25,0.3,50.0,0.3
64,0.257421875,0.3277343749999999,0.3,0.3,0.3,0.3,0.3,0.3,0.3,0.3,0.3,0.3,0.3,0.3,0.3,0.3,0.3,0.3,0.3,0.3,12.0,-0.8,20.0,0.32,0.25,0.3,50.0,0.3
65,0.35273437500000004,0.31015625,0.3,0.3,0.3,0.3,0.3,0.3,0.3,0.3,0.3,0.3,0.3,0.3,0.3,0.3,0.3,0.3,0.3,0.3,12.0,-0.8,20.0,0.33,0.25,0.3,50.0,0.3
66,0.3964843749999999,0.331640625,0.3,0.3,0.3,0.3,0.3,0.3,0.3,0.3,0.3,0.3,0.3,0.3,0.3,0.3,0.3,0.3,0.3,0.3,12.0,-0.8,20.0,0.33,0.25,0.3,50.0,0.3
67,0.30000000000000004,0.250390625,0.3,0.3,0.3,0.3,0.3,0.3,0.3,0.3,0.3,0.3,0.3,0.3,0.3,0.3,0.3,0.3,0.3,0.3,12.0,-0.8,20.0,0.33,0.25,0.3,50.0,0.3
68,0.42421874999999987,0.250390625,0.34882812499999993,0.3,0.3,0.3,0.3,0.3,0.3,0.3,0.3,0.3,0.3,0.3,0.3,0.3,0.3,0.3,0.3,0.3,12.0,-0.8,20.0,0.33,0.25,0.3,50.0,0.3
69,0.30000000000000004,0.250390625,0.3,0.3,0.3,0.3,0.3,0.3,0.3,0.3,0.3,0.3,0.3,0.3,0.3,0.3,0.3,0.3,0.3,0.3,12.0,-0.8,20.0,0.33,0.25,0.3,50.0,0.3
70,0.37773437500000007,0.250390625,0.3,0.3,0.3,0.3,0.3,0.3,0.3,0.3,0.3,0.3,0.3,0.3,0.3,0.3,0.3,0.3,0.3,0.3,12.0,-0.8,20.0,0.34,0.25,0.3,50.0,0.3
71,0.41796875,0.2828125,0.3,0.3,0.3,0.3,0.3,0.3,0.3,0.3,0.3,0.3,0.3,0.3,0.3,0.3,0.3,0.3,0.3,0.3,12.0,-0.8,20.0,0.34,0.25,0.3,50.0,0.3
72,0.374609375,0.370703125,0.3,0.3,0.3,0.3,0.3,0.3,0.3,0.3,0.3,0.3,0.3,0.3,0.3,0.3,0.3,0.3,0.3,0.3,12.0,-0.8,20.0,0.34,0.25,0.3,50.0,0.3
73,0.3261718749999999,0.34023437499999987,0.3,0.3,0.3,0.3,0.3,0.3,0.3,0.3,0.3,0.3,0.3,0.3,0.3,0.3,0.3,0.3,0.3,0.3,12.0,-0.8,20.0,0.34,0.25,0.3,50.0,0.3
74,0.2945312499999999,0.250390625,0.3,0.3,0.3,0.3,0.3,0.3,0.3,0.3,0.3,0.3,0.3,0.3,0.3,0.3,0.3,0.3,0.3,0.3,12.0,-0.8,20.0,0.34,0.25,0.3,50.0,0.3
75,0.41953125,0.29609375000000004,0.3,0.3,0.3,0.3,0.3,0.3,0.3,0.3,0.3,0.3,0.3,0.3,0.3,0.3,0.3,0.3,0.3,0.3,12.0,-0.8,20.0,0.35,0.25,0.3,50.0,0.3
76,0.296875,0.25898437500000004,0.3,0.3,0.3,0.3,0.3,0.3,0.3,0.3,0.3,0.3,0.3,0.3,0.3,0.3,0.3,0.3,0.3,0.3,12.0,-0.8,20.0,0.35,0.25,0.3,50.0,0.3
77,0.26796875,0.26445312499999996,0.3,0.3,0.3,0.3,0.3,0.3,0.3,0.3,0.3,0.3,0.3,0.3,0.3,0.3,0.3,0.3,0.3,0.3,12.0,-0.8,20.0,0.35,0.25,0.3,50.0,0.3
78,0.33515624999999993,0.349609375,0.3,0.3,0.3,0.3,0.3,0.3,0.3,0.3,0.3,0.3,0.3,0.3,0.3,0.3,0.3,0.3,0.3,0.3,12.0,-0.8,20.0,0.35,0.25,0.3,50.0,0.3
79,0.3886718749999999,0.30000000000000004,0.3,0.3,0.3,0.3,0.3,0.3,0.3,0.3,0.3,0.3,0.3,0.3,0.3,0.3,0.3,0.3,0.3,0.3,12.0,-0.8,20.0,0.35,0.25,0.3,50.0,0.3
80,0.30742187500000007,0.3,0.3,0.3,0.3,0.3,0.3,0.3,0.3,0.3,0.3,0.3,0.3,0.3,0.3,0.3,0.3,0.3,0.3,0.3,12.0,-0.8,20.0,0.36,0.25,0.3,50.0,0.3
81,0.39296875,0.349609375,0.3,0.3,0.3,0.3,0.3,0.3,0.3,0.3,0.3,0.3,0.3,0.3,0.3,0.3,0.3,0.3,0.3,0.3,12.0,-0.8,20.0,0.36,0.25,0.3,50.0,0.3
82,0.34257812500000007,0.3265625,0.3,0.3,0.3,0.3,0.3,0.3,0.3,0.3,0.3,0.3,0.3,0.3,0.3,0.3,0.3,0.3,0.3,0.3,12.0,-0.8,20.0,0.36,0.25,0.3,50.0,0.3
83,0.32499999999999996,0.31015625,0.3,0.3,0.3,0.3,0.3,0.3,0.3,0.3,0.3,0.3,0.3,0.3,0.3,0.3,0.3,0.3,0.3,0.3,12.0,-0.8,20.0,0.36,0.25,0.3,50.0,0.3
84,0.46210937500000004,0.31015625,0.3,0.3,0.3,0.3,0.3,0.3,0.3,0.3,0.3,0.3,0.3,0.3,0.3,0.3,0.3,0.3,0.3,0.3,12.0,-0.8,20.0,0.36,0.25,0.3,50.0,0.3
85,0.34492187500000004,0.3374999999999999,0.3,0.3,0.3,0.3,0.3,0.3,0.3,0.3,0.3,0.3,0.3,0.3,0.3,0.3,0.3,0.3,0.3,0.3,12.0,-0.8,20.0,0.37,0.25,0.3,50.0,0.3
86,0.5191406249999999,0.336328125,0.3,0.3,0.3,0.3,0.3,0.3,0.3,0.3,0.3,0.3,0.3,0.3,0.3,0.3,0.3,0.3,0.3,0.3,12.0,-0.8,20.0,0.37,0.25,0.3,50.0,0.3
87,0.3960937499999999,0.33867187499999996,0.3,0.3,0.3,0.3,0.3,0.3,0.3,0.3,0.3,0.3,0.3,0.3,0.3,0.3,0.3,0.3,0.3,0.3,12.0,-0.8,20.0,0.37,0.25,0.3,50.0,0.3
88,0.47890625,0.36835937499999993,0.3,0.3,0.3,0.3,0.3,0.3,0.3,0.3,0.3,0.3,0.3,0.3,0.3,0.3,0.3,0.3,0.3,0.3,12.0,-0.8,20.0,0.37,0.25,0.3,50.0,0.3
89,0.37812500000000004,0.3804687499999999,0.3,0.3,0.3,0.3,0.3,0.3,0.3,0.3,0.3,0.3,0.3,0.3,0.3,0.3,0.3,0.3,0.3,0.3,12.0,-0.8,20.0,0.37,0.25,0.3,50.0,0.3
90,0.33320312499999993,0.39882812499999987,0.3,0.3,0.3,0.3,0.3,0.3,0.3,0.3,0.3,0.3,0.3,0.3,0.3,0.3,0.3,0.3,0.3,0.3,12.0,-0.8,20.0,0.38,0.25,0.3,50.0,0.3
91,0.30781250000000004,0.38125,0.3,0.3,0.3,0.3,0.3,0.3,0.3,0.3,0.3,0.3,0.3,0.3,0.3,0.3,0.3,0.3,0.3,0.3,12.0,-0.8,20.0,0.38,0.25,0.3,50.0,0.3
92,0.69921875,0.3,0.3,0.3,0.3,0.3,0.3,0.3,0.3,0.3,0.3,0.3,0.3,0.3,0.3,0.3,0.3,0.3,0.3,0.3,12.0,-0.8,20.0,0.38,0.25,0.3,50.0,0.3
93,0.362890625,0.27070312500000004,0.3,0.3,0.3,0.3,0.3,0.3,0.3,0.3,0.3,0.3,0.3,0.3,0.3,0.3,0.3,0.3,0.3,0.3,12.0,-0.8,20.0,0.38,0.25,0.3,50.0,0.3
94,0.4374999999999999,0.3046875,0.3,0.3,0.3,0.3,0.3,0.3,0.3,0.3,0.3,0.3,0.3,0.3,0.3,0.3,0.3,0.3,0.3,0.3,12.0,-0.8,20.0,0.38,0.25,0.3,50.0,0.3
95,0.35820312499999996,0.31328124999999996,0.3,0.3,0.3,0.3,0.3,0.3,0.3,0.3,0.3,0.3,0.3,0.3,0.3,0.3,0.3,0.3,0.3,0.3,12.0,-0.8,20.0,0.39,0.25,0.3,50.0,0.3
96,0.4226562500000002,0.3765625,0.3,0.3,0.3,0.3,0.3,0.3,0.3,0.3,0.3,0.3,0.3,0.3,0.3,0.3,0.3,0.3,0.3,0.3,12.0,-0.8,20.0,0.39,0.25,0.3,50.0,0.3
97,0.34257812499999996,0.31875,0.3,0.3,0.3,0.3,0.3,0.3,0.3,0.3,0.3,0.3,0.3,0.3,0.3,0.3,0.3,0.3,0.3,0.3,12.0,-0.8,20.0,0.39,0.25,0.3,50.0,0.3
98,0.3828125,0.29296875,0.3,0.3,0.3,0.3,0.3,0.3,0.3,0.3,0.3,0.3,0.3,0.3,0.3,0.3,0.3,0.3,0.3,0.3,12.0,-0.8,20.0,0.39,0.25,0.3,50.0,0.3
99,0.375,0.32499999999999996,0.3,0.3,0.3,0.3,0.3,0.3,0.3,0.3,0.3,0.3,0.3,0.3,0.3,0.3,0.3,0.3,0.3,0.3,12.0,-0.8,20.0,0.39,0.25,0.3,50.0,0.3
100,0.3125,0.3300781249999999,0.3,0.3,0.3,0.3,0.3,0.3,0.3,0.3,0.3,0.3,0.3,0.3,0.3,0.3,0.3,0.3,0.3,0.3,12.0,-0.8,20.0,0.4,0.25,0.3,50.0,0.3
101,0.3550781249999999,0.271484375,0.3,0.3,0.3,0.3,0.3,0.3,0.3,0.3,0.3,0.3,0.3,0.3,0.3,0.3,0.3,0.3,0.3,0.3,12.0,-0.8,20.0,0.4,0.25,0.3,50.0,0.3
102,0.31171874999999993,0.349609375,0.3,0.3,0.3,0.3,0.3,0.3,0.3,0.3,0.3,0.3,0.3,0.3,0.3,0.3,0.3,0.3,0.3,0.3,12.0,-0.8,20.0,0.4,0.25,0.3,50.0,0.3
103,0.349609375,0.349609375,0.3,0.3,0.3,0.3,0.3,0.3,0.3,0.3,0.3,0.3,0.3,0.3,0.3,0.3,0.3,0.3,0.3,0.3,12.0,-0.8,20.0,0.4,0.25,0.3,50.0,0.3
104,0.387109375,0.31015625,0.3,0.3,0.3,0.3,0.3,0.3,0.3,0.3,0.3,0.3,0.3,0.3,0.3,0.3,0.3,0.3,0.3,0.3,12.0,-0.8,20.0,0.4,0.25,0.3,50.0,0.3
105,0.33085937499999996,0.43867187500000004,0.3,0.3,0.3,0.3,0.3,0.3,0.3,0.3,0.3,0.3,0.3,0.3,0.3,0.3,0.3,0.3,0.3,0.3,12.0,-0.8,20.0,0.41,0.25,0.3,50.0,0.3
106,0.32499999999999996,0.3,0.3,0.3,0.3,0.3,0.3,0.3,0.3,0.3,0.3,0.3,0.3,0.3,0.3,0.3,0.3,0.3,0.3,0.3,12.0,-0.8,20.0,0.41,0.25,0.3,50.0,0.3
107,0.250390625,0.250390625,0.3,0.3,0.3,0.3,0.3,0.3,0.3,0.3,0.3,0.3,0.3,0.3,0.3,0.3,0.3,0.3,0.3,0.3,12.0,-0.8,20.0,0.41,0.25,0.3,50.0,0.3
108,0.349609375,0.250390625,0.3,0.3,0.3,0.3,0.3,0.3,0.3,0.3,0.3,0.3,0.3,0.3,0.3,0.3,0.3,0.3,0.3,0.3,12.0,-0.8,20.0,0.41,0.25,0.3,50.0,0.3
109,0.250390625,0.39921874999999996,0.3,0.3,0.3,0.3,0.3,0.3,0.3,0.3,0.3,0.3,0.3,0.3,0.3,0.3,0.3,0.3,0.3,0.3,12.0,-0.8,20.0,0.41,0.25,0.3,50.0,0.3
110,0.4828125,0.33046875,0.3,0.3,0.3,0.3,0.3,0.3,0.3,0.3,0.3,0.3,0.3,0.3,0.3,0.3,0.3,0.3,0.3,0.3,12.0,-0.8,20.0,0.42,0.25,0.3,50.0,0.3
111,0.349609375,0.288671875,0.3,0.3,0.3,0.3,0.3,0.3,0.3,0.3,0.3,0.3,0.3,0.3,0.3,0.3,0.3,0.3,0.3,0.3,12.0,-0.8,20.0,0.42,0.25,0.3,50.0,0.3
112,0.39921874999999996,0.3,0.3,0.3,0.3,0.3,0.3,0.3,0.3,0.3,0.3,0.3,0.3,0.3,0.3,0.3,0.3,0.3,0.3,0.3,12.0,-0.8,20.0,0.42,0.25,0.3,50.0,0.3
113,0.3125,0.284765625,0.3,0.3,0.3,0.3,0.3,0.3,0.3,0.3,0.3,0.3,0.3,0.3,0.3,0.3,0.3,0.3,0.3,0.3,12.0,-0.8,20.0,0.42,0.25,0.3,50.0,0.3
114,0.39921874999999996,0.3,0.3,0.3,0.3,0.3,0.3,0.3,0.3,0.3,0.3,0.3,0.3,0.3,0.3,0.3,0.3,0.3,0.3,0.3,12.0,-0.8,20.0,0.42,0.25,0.3,50.0,0.3
115,0.25078124999999996,0.34765625,0.3,0.3,0.3,0.3,0.3,0.3,0.3,0.3,0.3,0.3,0.3,0.3,0.3,0.3,0.3,0.3,0.3,0.3,12.0,-0.8,20.0,0.43,0.25,0.3,50.0,0.3
116,0.3964843749999999,0.250390625,0.25117187500000004,0.3,0.3,0.3,0.3,0.3,0.3,0.3,0.3,0.3,0.3,0.3,0.3,0.3,0.3,0.3,0.3,0.3,12.0,-0.8,20.0,0.43,0.25,0.3,50.0,0.3
117,0.40351562499999993,0.34921875,0.3,0.3,0.3,0.3,0.3,0.3,0.3,0.3,0.3,0.3,0.3,0.3,0.3,0.3,0.3,0.3,0.3,0.3,12.0,-0.8,20.0,0.43,0.25,0.3,50.0,0.3
118,0.4433593749999999,0.3,0.3,0.3,0.3,0.3,0.3,0.3,0.3,0.3,0.3,0.3,0.3,0.3,0.3,0.3,0.3,0.3,0.3,0.3,12.0,-0.8,20.0,0.43,0.25,0.3,50.0,0.3
119,0.30000000000000004,0.291015625,0.3,0.3,0.3,0.3,0.3,0.3,0.3,0.3,0.3,0.3,0.3,0.3,0.3,0.3,0.3,0.3,0.3,0.3,12.0,-0.8,20.0,0.43,0.25,0.3,50.0,0.3
120,0.3,0.3,0.3,0.3,0.3,0.3,0.3,0.3,0.3,0.3,0.3,0.3,0.3,0.3,0.3,0.3,0.3,0.3,0.3,0.3,12.0,-0.8,20.0,0.44,0.25,0.3,50.0,0.3
121,0.300390625,0.26328125,0.3,0.3,0.3,0.3,0.3,0.3,0.3,0.3,0.3,0.3,0.3,0.3,0.3,0.3,0.3,0.3,0.3,0.3,12.0,-0.8,20.0,0.44,0.25,0.3,50.0,0.3
122,0.31171874999999993,0.3,0.3,0.3,0.3,0.3,0.3,0.3,0.3,0.3,0.3,0.3,0.3,0.3,0.3,0.3,0.3,0.3,0.3,0.3,12.0,-0.8,20.0,0.44,0.25,0.3,50.0,0.3
123,0.3125,0.27421874999999996,0.3,0.3,0.3,0.3,0.3,0.3,0.3,0.3,0.3,0.3,0.3,0.3,0.3,0.3,0.3,0.3,0.3,0.3,12.0,-0.8,20.0,0.44,0.25,0.3,50.0,0.3
124,0.362890625,0.3140624999999999,0.3,0.3,0.3,0.3,0.3,0.3,0.3,0.3,0.3,0.3,0.3,0.3,0.3,0.3,0.3,0.3,0.3,0.3,12.0,-0.8,20.0,0.44,0.25,0.3,50.0,0.3
125,0.39921874999999996,0.3,0.3,0.3,0.3,0.3,0.3,0.3,0.3,0.3,0.3,0.3,0.3,0.3,0.3,0.3,0.3,0.3,0.3,0.3,12.0,-0.8,20.0,0.45,0.25,0.3,50.0,0.3
126,0.3492187499999999,0.349609375,0.3,0.3,0.3,0.3,0.3,0.3,0.3,0.3,0.3,0.3,0.3,0.3,0.3,0.3,0.3,0.3,0.3,0.3,12.0,-0.8,20.0,0.45,0.25,0.3,50.0,0.3
127,0.4371093749999999,0.32499999999999996,0.3,0.3,0.3,0.3,0.3,0.3,0.3,0.3,0.3,0.3,0.3,0.3,0.3,0.3,0.3,0.3,0.3,0.3,12.0,-0.8,20.0,0.45,0.25,0.3,50.0,0.3
128,0.27421874999999996,0.430078125,0.3,0.3,0.3,0.3,0.3,0.3,0.3,0.3,0.3,0.3,0.3,0.3,0.3,0.3,0.3,0.3,0.3,0.3,12.0,-0.8,20.0,0.45,0.25,0.3,50.0,0.3
129,0.3734375000000001,0.250390625,0.3,0.3,0.3,0.3,0.3,0.3,0.3,0.3,0.3,0.3,0.3,0.3,0.3,0.3,0.3,0.3,0.3,0.3,12.0,-0.8,20.0,0.45,0.25,0.3,50.0,0.3
130,0.277734375,0.262109375,0.258203125,0.3,0.3,0.3,0.3,0.3,0.3,0.3,0.3,0.3,0.3,0.3,0.3,0.3,0.3,0.3,0.3,0.3,12.0,-0.8,20.0,0.46,0.25,0.3,50.0,0.3
131,0.303125,0.297265625,0.3,0.3,0.3,0.3,0.3,0.3,0.3,0.3,0.3,0.3,0.3,0.3,0.3,0.3,0.3,0.3,0.3,0.3,12.0,-0.8,20.0,0.46,0.25,0.3,50.0,0.3
132,0.4078125,0.3578125,0.3,0.3,0.3,0.3,0.3,0.3,0.3,0.3,0.3,0.3,0.3,0.3,0.3,0.3,0.3,0.3,0.3,0.3,12.0,-0.8,20.0,0.46,0.25,0.3,50.0,0.3
133,0.349609375,0.250390625,0.3,0.3,0.3,0.3,0.3,0.3,0.3,0.3,0.3,0.3,0.3,0.3,0.3,0.3,0.3,0.3,0.3,0.3,12.0,-0.8,20.0,0.46,0.25,0.3,50.0,0.3
134,0.349609375,0.3,0.3,0.3,0.3,0.3,0.3,0.3,0.3,0.3,0.3,0.3,0.3,0.3,0.3,0.3,0.3,0.3,0.3,0.3,12.0,-0.8,20.0,0.46,0.25,0.3,50.0,0.3
135,0.29218750000000004,0.3,0.3,0.3,0.3,0.3,0.3,0.3,0.3,0.3,0.3,0.3,0.3,0.3,0.3,0.3,0.3,0.3,0.3,0.3,12.0,-0.8,20.0,0.47,0.25,0.3,50.0,0.3
136,0.3437499999999999,0.349609375,0.3,0.3,0.3,0.3,0.3,0.3,0.3,0.3,0.3,0.3,0.3,0.3,0.3,0.3,0.3,0.3,0.3,0.3,12.0,-0.8,20.0,0.47,0.25,0.3,50.0,0.3
137,0.349609375,0.250390625,0.3,0.3,0.3,0.3,0.3,0.3,0.3,0.3,0.3,0.3,0.3,0.3,0.3,0.3,0.3,0.3,0.3,0.3,12.0,-0.8,20.0,0.47,0.25,0.3,50.0,0.3
138,0.31914062499999996,0.3,0.3,0.3,0.3,0.3,0.3,0.3,0.3,0.3,0.3,0.3,0.3,0.3,0.3,0.3,0.3,0.3,0.3,0.3,12.0,-0.8,20.0,0.47,0.25,0.3,50.0,0.3
139,0.535546875,0.27460937500000004,0.3,0.3,0.3,0.3,0.3,0.3,0.3,0.3,0.3,0.3,0.3,0.3,0.3,0.3,0.3,0.3,0.3,0.3,12.0,-0.8,20.0,0.47,0.25,0.3,50.0,0.3
140,0.349609375,0.250390625,0.3,0.3,0.3,0.3,0.3,0.3,0.3,0.3,0.3,0.3,0.3,0.3,0.3,0.3,0.3,0.3,0.3,0.3,12.0,-0.8,20.0,0.48,0.25,0.3,50.0,0.3
141,0.39921874999999996,0.3,0.3,0.3,0.3,0.3,0.3,0.3,0.3,0.3,0.3,0.3,0.3,0.3,0.3,0.3,0.3,0.3,0.3,0.3,12.0,-0.8,20.0,0.48,0.25,0.3,50.0,0.3
142,0.375,0.33124999999999993,0.3,0.3,0.3,0.3,0.3,0.3,0.3,0.3,0.3,0.3,0.3,0.3,0.3,0.3,0.3,0.3,0.3,0.3,12.0,-0.8,20.0,0.48,0.25,0.3,50.0,0.3
143,0.36562499999999987,0.34296875000000004,0.3,0.3,0.3,0.3,0.3,0.3,0.3,0.3,0.3,0.3,0.3,0.3,0.3,0.3,0.3,0.3,0.3,0.3,12.0,-0.8,20.0,0.48,0.25,0.3,50.0,0.3
144,0.30000000000000004,0.29453125,0.3,0.3,0.3,0.3,0.3,0.3,0.3,0.3,0.3,0.3,0.3,0.3,0.3,0.3,0.3,0.3,0.3,0.3,12.0,-0.8,20.0,0.48,0.25,0.3,50.0,0.3
145,0.33203125,0.349609375,0.3,0.3,0.3,0.3,0.3,0.3,0.3,0.3,0.3,0.3,0.3,0.3,0.3,0.3,0.3,0.3,0.3,0.3,12.0,-0.8,20.0,0.49,0.25,0.3,50.0,0.3
146,0.250390625,0.3,0.3,0.3,0.3,0.3,0.3,0.3,0.3,0.3,0.3,0.3,0.3,0.3,0.3,0.3,0.3,0.3,0.3,0.3,12.0,-0.8,20.0,0.49,0.25,0.3,50.0,0.3
147,0.39921874999999996,0.25273437499999996,0.3,0.3,0.3,0.3,0.3,0.3,0.3,0.3,0.3,0.3,0.3,0.3,0.3,0.3,0.3,0.3,0.3,0.3,12.0,-0.8,20.0,0.49,0.25,0.3,50.0,0.3
148,0.4683593749999999,0.341796875,0.3,0.3,0.3,0.3,0.3,0.3,0.3,0.3,0.3,0.3,0.3,0.3,0.3,0.3,0.3,0.3,0.3,0.3,12.0,-0.8,20.0,0.49,0.25,0.3,50.0,0.3
149,0.44843750000000004,0.27460937500000004,0.3,0.3,0.3,0.3,0.3,0.3,0.3,0.3,0.3,0.3,0.3,0.3,0.3,0.3,0.3,0.3,0.3,0.3,12.0,-0.8,20.0,0.49,0.25,0.3,50.0,0.3
150,0.3984375,0.3062499999999999,0.294921875,0.27070312500000004,0.3,0.3,0.3,0.3,0.3,0.3,0.3,0.3,0.3,0.3,0.3,0.3,0.3,0.3,0.3,0.3,12.0,-0.8,20.0,0.2,0.25,0.3,25.0,0.3
151,0.4390624999999998,0.32890625000000007,0.3,0.3,0.3,0.3,0.3,0.3,0.3,0.3,0.3,0.3,0.3,0.3,0.3,0.3,0.3,0.3,0.3,0.3,12.0,-0.8,20.0,0.2,0.25,0.3,25.0,0.3
152,0.37812500000000004,0.32734374999999993,0.349609375,0.3,0.3,0.3,0.3,0.3,0.3,0.3,0.3,0.3,0.3,0.3,0.3,0.3,0.3,0.3,0.3,0.3,12.0,-0.8,20.0,0.2,0.25,0.3,25.0,0.3
153,0.3339843749999999,0.41484374999999996,0.30976562500000004,0.33320312499999993,0.3,0.3,0.3,0.3,0.3,0.3,0.3,0.3,0.3,0.3,0.3,0.3,0.3,0.3,0.3,0.3,12.0,-0.8,20.0,0.2,0.25,0.3,25.0,0.3
154,0.4781249999999999,0.36210937500000007,0.312890625,0.3,0.3,0.3,0.3,0.3,0.3,0.3,0.3,0.3,0.3,0.3,0.3,0.3,0.3,0.3,0.3,0.3,12.0,-0.8,20.0,0.2,0.25,0.3,25.0,0.3
155,0.5332031250000001,0.42460937500000007,0.304296875,0.337890625,0.3,0.3,0.3,0.3,0.3,0.3,0.3,0.3,0.3,0.3,0.3,0.3,0.3,0.3,0.3,0.3,12.0,-0.8,20.0,0.21,0.25,0.3,25.0,0.3
156,0.36406249999999996,0.2554687499999999,0.26445312499999996,0.30156250000000007,0.3,0.3,0.3,0.3,0.3,0.3,0.3,0.3,0.3,0.3,0.3,0.3,0.3,0.3,0.3,0.3,12.0,-0.8,20.0,0.21,0.25,0.3,25.0,0.3
157,0.5003906249999999,0.34609374999999987,0.392578125,0.3734375,0.3,0.3,0.3,0.3,0.3,0.3,0.3,0.3,0.3,0.3,0.3,0.3,0.3,0.3,0.3,0.3,12.0,-0.8,20.0,0.21,0.25,0.3,25.0,0.3
158,0.300390625,0.25546875,0.250390625,0.250390625,0.3,0.3,0.3,0.3,0.3,0.3,0.3,0.3,0.3,0.3,0.3,0.3,0.3,0.3,0.3,0.3,12.0,-0.8,20.0,0.21,0.25,0.3,25.0,0.3
159,0.388671875,0.2906249999999999,0.39179687499999993,0.408203125,0.3,0.3,0.3,0.3,0.3,0.3,0.3,0.3,0.3,0.3,0.3,0.3,0.3,0.3,0.3,0.3,12.0,-0.8,20.0,0.21,0.25,0.3,25.0,0.3
160,0.39492187499999987,0.35,0.27109375,0.300390625,0.3,0.3,0.3,0.3,0.3,0.3,0.3,0.3,0.3,0.3,0.3,0.3,0.3,0.3,0.3,0.3,12.0,-0.8,20.0,0.22,0.25,0.3,25.0,0.3
161,0.32539062499999993,0.28359375,0.3,0.3,0.3,0.3,0.3,0.3,0.3,0.3,0.3,0.3,0.3,0.3,0.3,0.3,0.3,0.3,0.3,0.3,12.0,-0.8,20.0,0.22,0.25,0.3,25.0,0.3
162,0.349609375,0.3,0.3,0.3,0.3,0.3,0.3,0.3,0.3,0.3,0.3,0.3,0.3,0.3,0.3,0.3,0.3,0.3,0.3,0.3,12.0,-0.8,20.0,0.22,0.25,0.3,25.0,0.3
163,0.6160156250000001,0.6109375,0.3,0.3,0.3,0.3,0.3,0.3,0.3,0.3,0.3,0.3,0.3,0.3,0.3,0.3,0.3,0.3,0.3,0.3,12.0,-0.8,20.0,0.22,0.25,0.3,25.0,0.3
164,0.390625,0.39921874999999996,0.3,0.3,0.3,0.3,0.3,0.3,0.3,0.3,0.3,0.3,0.3,0.3,0.3,0.3,0.3,0.3,0.3,0.3,12.0,-0.8,20.0,0.22,0.25,0.3,25.0,0.3
165,0.508203125,0.31875,0.284765625,0.314453125,0.3,0.3,0.3,0.3,0.3,0.3,0.3,0.3,0.3,0.3,0.3,0.3,0.3,0.3,0.3,0.3,12.0,-0.8,20.0,0.23,0.25,0.3,25.0,0.3
166,0.5328125,0.5566406250000001,0.38906249999999987,0.3,0.3,0.3,0.3,0.3,0.3,0.3,0.3,0.3,0.3,0.3,0.3,0.3,0.3,0.3,0.3,0.3,12.0,-0.8,20.0,0.23,0.25,0.3,25.0,0.3
167,0.5914062499999999,0.6035156250000001,0.3,0.3,0.3,0.3,0.3,0.3,0.3,0.3,0.3,0.3,0.3,0.3,0.3,0.3,0.3,0.3,0.3,0.3,12.0,-0.8,20.0,0.23,0.25,0.3,25.0,0.3
168,0.5058593749999999,0.42656249999999984,0.3,0.3,0.3,0.3,0.3,0.3,0.3,0.3,0.3,0.3,0.3,0.3,0.3,0.3,0.3,0.3,0.3,0.3,12.0,-0.8,20.0,0.23,0.25,0.3,25.0,0.3
169,0.366796875,0.31562499999999993,0.301171875,0.3749999999999999,0.3,0.3,0.3,0.3,0.3,0.3,0.3,0.3,0.3,0.3,0.3,0.3,0.3,0.3,0.3,0.3,12.0,-0.8,20.0,0.23,0.25,0.3,25.0,0.3
170,0.5042968750000002,0.4828125,0.343359375,0.3,0.3,0.3,0.3,0.3,0.3,0.3,0.3,0.3,0.3,0.3,0.3,0.3,0.3,0.3,0.3,0.3,12.0,-0.8,20.0,0.24,0.25,0.3,25.0,0.3
171,0.37421875000000004,0.29765624999999996,0.269140625,0.3,0.3,0.3,0.3,0.3,0.3,0.3,0.3,0.3,0.3,0.3,0.3,0.3,0.3,0.3,0.3,0.3,12.0,-0.8,20.0,0.24,0.25,0.3,25.0,0.3
172,0.3812500000000001,0.30781250000000004,0.33984375,0.312890625,0.3,0.3,0.3,0.3,0.3,0.3,0.3,0.3,0.3,0.3,0.3,0.3,0.3,0.3,0.3,0.3,12.0,-0.8,20.0,0.24,0.25,0.3,25.0,0.3
173,0.32499999999999996,0.31328124999999996,0.262109375,0.306640625,0.3,0.3,0.3,0.3,0.3,0.3,0.3,0.3,0.3,0.3,0.3,0.3,0.3,0.3,0.3,0.3,12.0,-0.8,20.0,0.24,0.25,0.3,25.0,0.3
174,0.44023437500000007,0.45429687499999993,0.33046875,0.3125,0.3,0.3,0.3,0.3,0.3,0.3,0.3,0.3,0.3,0.3,0.3,0.3,0.3,0.3,0.3,0.3,12.0,-0.8,20.0,0.24,0.25,0.3,25.0,0.3
175,0.30117187499999987,0.367578125,0.271875,0.3375,0.3,0.3,0.3,0.3,0.3,0.3,0.3,0.3,0.3,0.3,0.3,0.3,0.3,0.3,0.3,0.3,12.0,-0.8,20.0,0.25,0.25,0.3,25.0,0.3
176,0.4195312499999999,0.3695312500000001,0.3,0.3,0.3,0.3,0.3,0.3,0.3,0.3,0.3,0.3,0.3,0.3,0.3,0.3,0.3,0.3,0.3,0.3,12.0,-0.8,20.0,0.25,0.25,0.3,25.0,0.3
177,0.4332031249999999,0.387109375,0.3,0.3,0.3,0.3,0.3,0.3,0.3,0.3,0.3,0.3,0.3,0.3,0.3,0.3,0.3,0.3,0.3,0.3,12.0,-0.8,20.0,0.25,0.25,0.3,25.0,0.3
178,0.361328125,0.3355468749999999,0.251953125,0.3,0.3,0.3,0.3,0.3,0.3,0.3,0.3,0.3,0.3,0.3,0.3,0.3,0.3,0.3,0.3,0.3,12.0,-0.8,20.0,0.25,0.25,0.3,25.0,0.3
179,0.378515625,0.35624999999999996,0.316015625,0.300390625,0.3,0.3,0.3,0.3,0.3,0.3,0.3,0.3,0.3,0.3,0.3,0.3,0.3,0.3,0.3,0.3,12.0,-0.8,20.0,0.25,0.25,0.3,25.0,0.3
180,0.355859375,0.3226562500000001,0.26445312499999996,0.298828125,0.27851562500000004,0.3,0.3,0.3,0.3,0.3,0.3,0.3,0.3,0.3,0.3,0.3,0.3,0.3,0.3,0.3,12.0,-0.8,20.0,0.26,0.25,0.3,25.0,0.3
181,0.3769531249999999,0.33710937499999993,0.3,0.3,0.3,0.3,0.3,0.3,0.3,0.3,0.3,0.3,0.3,0.3,0.3,0.3,0.3,0.3,0.3,0.3,12.0,-0.8,20.0,0.26,0.25,0.3,25.0,0.3
182,0.3375,0.30390624999999993,0.3,0.3,0.3,0.3,0.3,0.3,0.3,0.3,0.3,0.3,0.3,0.3,0.3,0.3,0.3,0.3,0.3,0.3,12.0,-0.8,20.0,0.26,0.25,0.3,25.0,0.3
183,0.504296875,0.4488281249999999,0.349609375,0.3,0.3,0.3,0.3,0.3,0.3,0.3,0.3,0.3,0.3,0.3,0.3,0.3,0.3,0.3,0.3,0.3,12.0,-0.8,20.0,0.26,0.25,0.3,25.0,0.3
184,0.36054687499999993,0.3472656249999999,0.332421875,0.306640625,0.3,0.3,0.3,0.3,0.3,0.3,0.3,0.3,0.3,0.3,0.3,0.3,0.3,0.3,0.3,0.3,12.0,-0.8,20.0,0.26,0.25,0.3,25.0,0.3
185,0.431640625,0.273046875,0.3,0.3,0.3,0.3,0.3,0.3,0.3,0.3,0.3,0.3,0.3,0.3,0.3,0.3,0.3,0.3,0.3,0.3,12.0,-0.8,20.0,0.27,0.25,0.3,25.0,0.3
186,0.2929687499999999,0.39335937500000007,0.30585937500000004,0.3,0.3,0.3,0.3,0.3,0.3,0.3,0.3,0.3,0.3,0.3,0.3,0.3,0.3,0.3,0.3,0.3,12.0,-0.8,20.0,0.27,0.25,0.3,25.0,0.3
187,0.4820312499999999,0.347265625,0.34257812499999996,0.3,0.3,0.3,0.3,0.3,0.3,0.3,0.3,0.3,0.3,0.3,0.3,0.3,0.3,0.3,0.3,0.3,12.0,-0.8,20.0,0.27,0.25,0.3,25.0,0.3
188,0.30859375,0.31367187500000004,0.30742187500000007,0.33710937499999993,0.3,0.3,0.3,0.3,0.3,0.3,0.3,0.3,0.3,0.3,0.3,0.3,0.3,0.3,0.3,0.3,12.0,-0.8,20.0,0.27,0.25,0.3,25.0,0.3
189,0.43046875000000007,0.2890625,0.353515625,0.34609375,0.3,0.3,0.3,0.3,0.3,0.3,0.3,0.3,0.3,0.3,0.3,0.3,0.3,0.3,0.3,0.3,12.0,-0.8,20.0,0.27,0.25,0.3,25.0,0.3
190,0.35703125000000013,0.25703124999999993,0.3,0.3,0.3,0.3,0.3,0.3,0.3,0.3,0.3,0.3,0.3,0.3,0.3,0.3,0.3,0.3,0.3,0.3,12.0,-0.8,20.0,0.28,0.25,0.3,25.0,0.3
191,0.4179687499999999,0.36640624999999993,0.341796875,0.3316406249999999,0.3,0.3,0.3,0.3,0.3,0.3,0.3,0.3,0.3,0.3,0.3,0.3,0.3,0.3,0.3,0.3,12.0,-0.8,20.0,0.28,0.25,0.3,25.0,0.3
192,0.36875,0.34453125000000007,0.284765625,0.3,0.3,0.3,0.3,0.3,0.3,0.3,0.3,0.3,0.3,0.3,0.3,0.3,0.3,0.3,0.3,0.3,12.0,-0.8,20.0,0.28,0.25,0.3,25.0,0.3
193,0.375,0.349609375,0.3,0.3,0.3,0.3,0.3,0.3,0.3,0.3,0.3,0.3,0.3,0.3,0.3,0.3,0.3,0.3,0.3,0.3,12.0,-0.8,20.0,0.28,0.25,0.3,25.0,0.3
194,0.3984374999999999,0.33085937499999996,0.32499999999999996,0.30742187500000007,0.3,0.3,0.3,0.3,0.3,0.3,0.3,0.3,0.3,0.3,0.3,0.3,0.3,0.3,0.3,0.3,12.0,-0.8,20.0,0.28,0.25,0.3,25.0,0.3
195,0.43671874999999993,0.41796875,0.3,0.3,0.3,0.3,0.3,0.3,0.3,0.3,0.3,0.3,0.3,0.3,0.3,0.3,0.3,0.3,0.3,0.3,12.0,-0.8,20.0,0.29,0.25,0.3,25.0,0.3
196,0.4781249999999999,0.365625,0.3,0.3,0.3,0.3,0.3,0.3,0.3,0.3,0.3,0.3,0.3,0.3,0.3,0.3,0.3,0.3,0.3,0.3,12.0,-0.8,20.0,0.29,0.25,0.3,25.0,0.3
197,0.37617187499999993,0.31484375,0.27851562500000004,0.284765625,0.3,0.3,0.3,0.3,0.3,0.3,0.3,0.3,0.3,0.3,0.3,0.3,0.3,0.3,0.3,0.3,12.0,-0.8,20.0,0.29,0.25,0.3,25.0,0.3
198,0.355859375,0.30078125,0.367578125,0.34687499999999993,0.3,0.3,0.3,0.3,0.3,0.3,0.3,0.3,0.3,0.3,0.3,0.3,0.3,0.3,0.3,0.3,12.0,-0.8,20.0,0.29,0.25,0.3,25.0,0.3
199,0.4628906249999999,0.37187500000000007,0.3,0.3,0.3,0.3,0.3,0.3,0.3,0.3,0.3,0.3,0.3,0.3,0.3,0.3,0.3,0.3,0.3,0.3,12.0,-0.8,20.0,0.29,0.25,0.3,25.0,0.3
200,0.2875,0.250390625,0.250390625,0.275390625,0.3,0.3,0.3,0.3,0.3,0.3,0.3,0.3,0.3,0.3,0.3,0.3,0.3,0.3,0.3,0.3,12.0,-0.8,20.0,0.3,0.25,0.3,25.0,0.3
201,0.388671875,0.35468749999999993,0.27617187500000007,0.3,0.3,0.3,0.3,0.3,0.3,0.3,0.3,0.3,0.3,0.3,0.3,0.3,0.3,0.3,0.3,0.3,12.0,-0.8,20.0,0.3,0.25,0.3,25.0,0.3
202,0.4230468749999998,0.27421874999999996,0.255859375,0.3,0.3,0.3,0.3,0.3,0.3,0.3,0.3,0.3,0.3,0.3,0.3,0.3,0.3,0.3,0.3,0.3,12.0,-0.8,20.0,0.3,0.25,0.3,25.0,0.3
203,0.30000000000000004,0.250390625,0.250390625,0.275390625,0.3,0.3,0.3,0.3,0.3,0.3,0.3,0.3,0.3,0.3,0.3,0.3,0.3,0.3,0.3,0.3,12.0,-0.8,20.0,0.3,0.25,0.3,25.0,0.3
204,0.25078124999999996,0.3,0.3,0.3,0.3,0.3,0.3,0.3,0.3,0.3,0.3,0.3,0.3,0.3,0.3,0.3,0.3,0.3,0.3,0.3,12.0,-0.8,20.0,0.3,0.25,0.3,25.0,0.3
205,0.300390625,0.3,0.3,0.3,0.3,0.3,0.3,0.3,0.3,0.3,0.3,0.3,0.3,0.3,0.3,0.3,0.3,0.3,0.3,0.3,12.0,-0.8,20.0,0.31,0.25,0.3,25.0,0.3
206,0.47382812500000004,0.4222656250000001,0.3,0.3,0.3,0.3,0.3,0.3,0.3,0.3,0.3,0.3,0.3,0.3,0.3,0.3,0.3,0.3,0.3,0.3,12.0,-0.8,20.0,0.31,0.25,0.3,25.0,0.3
207,0.349609375,0.3,0.3,0.3,0.3,0.3,0.3,0.3,0.3,0.3,0.3,0.3,0.3,0.3,0.3,0.3,0.3,0.3,0.3,0.3,12.0,-0.8,20.0,0.31,0.25,0.3,25.0,0.3
208,0.413671875,0.27460937500000004,0.3375,0.3,0.3,0.3,0.3,0.3,0.3,0.3,0.3,0.3,0.3,0.3,0.3,0.3,0.3,0.3,0.3,0.3,12.0,-0.8,20.0,0.31,0.25,0.3,25.0,0.3
209,0.49531250000000004,0.39335937499999996,0.3,0.3,0.3,0.3,0.3,0.3,0.3,0.3,0.3,0.3,0.3,0.3,0.3,0.3,0.3,0.3,0.3,0.3,12.0,-0.8,20.0,0.31,0.25,0.3,25.0,0.3
210,0.44062499999999993,0.410546875,0.3,0.3,0.3,0.3,0.3,0.3,0.3,0.3,0.3,0.3,0.3,0.3,0.3,0.3,0.3,0.3,0.3,0.3,12.0,-0.8,20.0,0.32,0.25,0.3,25.0,0.3
211,0.3125,0.2906249999999999,0.287109375,0.275390625,0.3,0.3,0.3,0.3,0.3,0.3,0.3,0.3,0.3,0.3,0.3,0.3,0.3,0.3,0.3,0.3,12.0,-0.8,20.0,0.32,0.25,0.3,25.0,0.3
212,0.250390625,0.39374999999999993,0.3394531249999999,0.3,0.3,0.3,0.3,0.3,0.3,0.3,0.3,0.3,0.3,0.3,0.3,0.3,0.3,0.3,0.3,0.3,12.0,-0.8,20.0,0.32,0.25,0.3,25.0,0.3
213,0.384765625,0.33906249999999993,0.349609375,0.3,0.3,0.3,0.3,0.3,0.3,0.3,0.3,0.3,0.3,0.3,0.3,0.3,0.3,0.3,0.3,0.3,12.0,-0.8,20.0,0.32,0.25,0.3,25.0,0.3
214,0.412109375,0.357421875,0.3,0.3,0.3,0.3,0.3,0.3,0.3,0.3,0.3,0.3,0.3,0.3,0.3,0.3,0.3,0.3,0.3,0.3,12.0,-0.8,20.0,0.32,0.25,0.3,25.0,0.3
215,0.31132812499999996,0.2734375,0.267578125,0.297265625,0.3,0.3,0.3,0.3,0.3,0.3,0.3,0.3,0.3,0.3,0.3,0.3,0.3,0.3,0.3,0.3,12.0,-0.8,20.0,0.33,0.25,0.3,25.0,0.3
216,0.336328125,0.265234375,0.3,0.3,0.3,0.3,0.3,0.3,0.3,0.3,0.3,0.3,0.3,0.3,0.3,0.3,0.3,0.3,0.3,0.3,12.0,-0.8,20.0,0.33,0.25,0.3,25.0,0.3
217,0.29609374999999993,0.39765624999999993,0.32148437499999993,0.306640625,0.3,0.3,0.3,0.3,0.3,0.3,0.3,0.3,0.3,0.3,0.3,0.3,0.3,0.3,0.3,0.3,12.0,-0.8,20.0,0.33,0.25,0.3,25.0,0.3
218,0.40156249999999993,0.3,0.3,0.3,0.3,0.3,0.3,0.3,0.3,0.3,0.3,0.3,0.3,0.3,0.3,0.3,0.3,0.3,0.3,0.3,12.0,-0.8,20.0,0.33,0.25,0.3,25.0,0.3
219,0.3374999999999999,0.31367187500000004,0.250390625,0.3,0.3,0.3,0.3,0.3,0.3,0.3,0.3,0.3,0.3,0.3,0.3,0.3,0.3,0.3,0.3,0.3,12.0,-0.8,20.0,0.33,0.25,0.3,25.0,0.3
220,0.3648437499999999,0.3394531249999999,0.316796875,0.3,0.3,0.3,0.3,0.3,0.3,0.3,0.3,0.3,0.3,0.3,0.3,0.3,0.3,0.3,0.3,0.3,12.0,-0.8,20.0,0.34,0.25,0.3,25.0,0.3
221,0.349609375,0.349609375,0.3,0.3,0.3,0.3,0.3,0.3,0.3,0.3,0.3,0.3,0.3,0.3,0.3,0.3,0.3,0.3,0.3,0.3,12.0,-0.8,20.0,0.34,0.25,0.3,25.0,0.3
222,0.41484374999999996,0.41132812499999993,0.3,0.3,0.3,0.3,0.3,0.3,0.3,0.3,0.3,0.3,0.3,0.3,0.3,0.3,0.3,0.3,0.3,0.3,12.0,-0.8,20.0,0.34,0.25,0.3,25.0,0.3
223,0.255859375,0.3265625,0.3,0.3,0.3,0.3,0.3,0.3,0.3,0.3,0.3,0.3,0.3,0.3,0.3,0.3,0.3,0.3,0.3,0.3,12.0,-0.8,20.0,0.34,0.25,0.3,25.0,0.3
224,0.38945312500000007,0.32695312499999996,0.30351562499999996,0.3,0.3,0.3,0.3,0.3,0.3,0.3,0.3,0.3,0.3,0.3,0.3,0.3,0.3,0.3,0.3,0.3,12.0,-0.8,20.0,0.34,0.25,0.3,25.0,0.3
225,0.29375000000000007,0.250390625,0.3,0.3,0.3,0.3,0.3,0.3,0.3,0.3,0.3,0.3,0.3,0.3,0.3,0.3,0.3,0.3,0.3,0.3,12.0,-0.8,20.0,0.35,0.25,0.3,25.0,0.3
226,0.3753906250000001,0.3785156249999999,0.3,0.3,0.3,0.3,0.3,0.3,0.3,0.3,0.3,0.3,0.3,0.3,0.3,0.3,0.3,0.3,0.3,0.3,12.0,-0.8,20.0,0.35,0.25,0.3,25.0,0.3
227,0.388671875,0.35820312499999996,0.3,0.3,0.3,0.3,0.3,0.3,0.3,0.3,0.3,0.3,0.3,0.3,0.3,0.3,0.3,0.3,0.3,0.3,12.0,-0.8,20.0,0.35,0.25,0.3,25.0,0.3
228,0.42695312499999993,0.359765625,0.324609375,0.3,0.3,0.3,0.3,0.3,0.3,0.3,0.3,0.3,0.3,0.3,0.3,0.3,0.3,0.3,0.3,0.3,12.0,-0.8,20.0,0.35,0.25,0.3,25.0,0.3
229,0.40546874999999993,0.38164062500000007,0.3,0.3,0.3,0.3,0.3,0.3,0.3,0.3,0.3,0.3,0.3,0.3,0.3,0.3,0.3,0.3,0.3,0.3,12.0,-0.8,20.0,0.35,0.25,0.3,25.0,0.3
230,0.30000000000000004,0.345703125,0.3,0.3,0.3,0.3,0.3,0.3,0.3,0.3,0.3,0.3,0.3,0.3,0.3,0.3,0.3,0.3,0.3,0.3,12.0,-0.8,20.0,0.36,0.25,0.3,25.0,0.3
231,0.40703124999999996,0.322265625,0.29023437499999993,0.3,0.3,0.3,0.3,0.3,0.3,0.3,0.3,0.3,0.3,0.3,0.3,0.3,0.3,0.3,0.3,0.3,12.0,-0.8,20.0,0.36,0.25,0.3,25.0,0.3
232,0.41484374999999996,0.36953125,0.3,0.3,0.3,0.3,0.3,0.3,0.3,0.3,0.3,0.3,0.3,0.3,0.3,0.3,0.3,0.3,0.3,0.3,12.0,-0.8,20.0,0.36,0.25,0.3,25.0,0.3
233,0.40078124999999987,0.375,0.3,0.3,0.3,0.3,0.3,0.3,0.3,0.3,0.3,0.3,0.3,0.3,0.3,0.3,0.3,0.3,0.3,0.3,12.0,-0.8,20.0,0.36,0.25,0.3,25.0,0.3
234,0.6121093750000001,0.335546875,0.3,0.3,0.3,0.3,0.3,0.3,0.3,0.3,0.3,0.3,0.3,0.3,0.3,0.3,0.3,0.3,0.3,0.3,12.0,-0.8,20.0,0.36,0.25,0.3,25.0,0.3
235,0.37265625,0.3296874999999999,0.308984375,0.3,0.3,0.3,0.3,0.3,0.3,0.3,0.3,0.3,0.3,0.3,0.3,0.3,0.3,0.3,0.3,0.3,12.0,-0.8,20.0,0.37,0.25,0.3,25.0,0.3
236,0.29374999999999996,0.32890624999999996,0.32499999999999996,0.3,0.3,0.3,0.3,0.3,0.3,0.3,0.3,0.3,0.3,0.3,0.3,0.3,0.3,0.3,0.3,0.3,12.0,-0.8,20.0,0.37,0.25,0.3,25.0,0.3
237,0.36015624999999996,0.2929687499999999,0.31640625,0.30585937500000004,0.3,0.3,0.3,0.3,0.3,0.3,0.3,0.3,0.3,0.3,0.3,0.3,0.3,0.3,0.3,0.3,12.0,-0.8,20.0,0.37,0.25,0.3,25.0,0.3
238,0.3089843750000001,0.25078124999999996,0.349609375,0.3,0.3,0.3,0.3,0.3,0.3,0.3,0.3,0.3,0.3,0.3,0.3,0.3,0.3,0.3,0.3,0.3,12.0,-0.8,20.0,0.37,0.25,0.3,25.0,0.3
239,0.349609375,0.32304687499999996,0.3,0.3,0.3,0.3,0.3,0.3,0.3,0.3,0.3,0.3,0.3,0.3,0.3,0.3,0.3,0.3,0.3,0.3,12.0,-0.8,20.0,0.37,0.25,0.3,25.0,0.3
240,0.30000000000000004,0.25078124999999996,0.3,0.3,0.3,0.3,0.3,0.3,0.3,0.3,0.3,0.3,0.3,0.3,0.3,0.3,0.3,0.3,0.3,0.3,12.0,-0.8,20.0,0.38,0.25,0.3,25.0,0.3
241,0.34140625,0.271484375,0.3,0.3,0.3,0.3,0.3,0.3,0.3,0.3,0.3,0.3,0.3,0.3,0.3,0.3,0.3,0.3,0.3,0.3,12.0,-0.8,20.0,0.38,0.25,0.3,25.0,0.3
242,0.30000000000000004,0.28632812499999993,0.250390625,0.3,0.3,0.3,0.3,0.3,0.3,0.3,0.3,0.3,0.3,0.3,0.3,0.3,0.3,0.3,0.3,0.3,12.0,-0.8,20.0,0.38,0.25,0.3,25.0,0.3
243,0.42499999999999993,0.2945312499999999,0.31523437499999996,0.3,0.314453125,0.3,0.3,0.3,0.3,0.3,0.3,0.3,0.3,0.3,0.3,0.3,0.3,0.3,0.3,0.3,12.0,-0.8,20.0,0.38,0.25,0.3,25.0,0.3
244,0.3851562500000001,0.34882812500000004,0.3,0.3,0.3,0.3,0.3,0.3,0.3,0.3,0.3,0.3,0.3,0.3,0.3,0.3,0.3,0.3,0.3,0.3,12.0,-0.8,20.0,0.38,0.25,0.3,25.0,0.3
245,0.4242187500000001,0.392578125,0.3,0.3,0.3,0.3,0.3,0.3,0.3,0.3,0.3,0.3,0.3,0.3,0.3,0.3,0.3,0.3,0.3,0.3,12.0,-0.8,20.0,0.39,0.25,0.3,25.0,0.3
246,0.38984374999999993,0.31757812499999993,0.332421875,0.328515625,0.3,0.3,0.3,0.3,0.3,0.3,0.3,0.3,0.3,0.3,0.3,0.3,0.3,0.3,0.3,0.3,12.0,-0.8,20.0,0.39,0.25,0.3,25.0,0.3
247,0.30546874999999996,0.296875,0.28984374999999996,0.312109375,0.3,0.3,0.3,0.3,0.3,0.3,0.3,0.3,0.3,0.3,0.3,0.3,0.3,0.3,0.3,0.3,12.0,-0.8,20.0,0.39,0.25,0.3,25.0,0.3
248,0.39921874999999996,0.27460937500000004,0.3,0.3,0.3,0.3,0.3,0.3,0.3,0.3,0.3,0.3,0.3,0.3,0.3,0.3,0.3,0.3,0.3,0.3,12.0,-0.8,20.0,0.39,0.25,0.3,25.0,0.3
249,0.473046875,0.30195312499999993,0.3,0.3,0.3,0.3,0.3,0.3,0.3,0.3,0.3,0.3,0.3,0.3,0.3,0.3,0.3,0.3,0.3,0.3,12.0,-0.8,20.0,0.39,0.25,0.3,25.0,0.3
250,0.36210937499999996,0.250390625,0.3,0.3,0.3,0.3,0.3,0.3,0.3,0.3,0.3,0.3,0.3,0.3,0.3,0.3,0.3,0.3,0.3,0.3,12.0,-0.8,20.0,0.4,0.25,0.3,25.0,0.3
251,0.38125,0.336328125,0.3,0.3,0.3,0.3,0.3,0.3,0.3,0.3,0.3,0.3,0.3,0.3,0.3,0.3,0.3,0.3,0.3,0.3,12.0,-0.8,20.0,0.4,0.25,0.3,25.0,0.3
252,0.250390625,0.3,0.3,0.3,0.3,0.3,0.3,0.3,0.3,0.3,0.3,0.3,0.3,0.3,0.3,0.3,0.3,0.3,0.3,0.3,12.0,-0.8,20.0,0.4,0.25,0.3,25.0,0.3
253,0.433984375,0.38671875,0.3,0.3,0.3,0.3,0.3,0.3,0.3,0.3,0.3,0.3,0.3,0.3,0.3,0.3,0.3,0.3,0.3,0.3,12.0,-0.8,20.0,0.4,0.25,0.3,25.0,0.3
254,0.43203124999999987,0.30976562499999993,0.3,0.3,0.3,0.3,0.3,0.3,0.3,0.3,0.3,0.3,0.3,0.3,0.3,0.3,0.3,0.3,0.3,0.3,12.0,-0.8,20.0,0.4,0.25,0.3,25.0,0.3
255,0.3902343749999999,0.3539062500000001,0.3,0.3,0.3,0.3,0.3,0.3,0.3,0.3,0.3,0.3,0.3,0.3,0.3,0.3,0.3,0.3,0.3,0.3,12.0,-0.8,20.0,0.41,0.25,0.3,25.0,0.3
256,0.347265625,0.30781249999999993,0.3,0.3,0.3,0.3,0.3,0.3,0.3,0.3,0.3,0.3,0.3,0.3,0.3,0.3,0.3,0.3,0.3,0.3,12.0,-0.8,20.0,0.41,0.25,0.3,25.0,0.3
257,0.39179687499999993,0.318359375,0.3,0.3,0.3,0.3,0.3,0.3,0.3,0.3,0.3,0.3,0.3,0.3,0.3,0.3,0.3,0.3,0.3,0.3,12.0,-0.8,20.0,0.41,0.25,0.3,25.0,0.3
258,0.4136718749999999,0.26875000000000004,0.3,0.3,0.3,0.3,0.3,0.3,0.3,0.3,0.3,0.3,0.3,0.3,0.3,0.3,0.3,0.3,0.3,0.3,12.0,-0.8,20.0,0.41,0.25,0.3,25.0,0.3
259,0.3746093749999999,0.271484375,0.3,0.3,0.3,0.3,0.3,0.3,0.3,0.3,0.3,0.3,0.3,0.3,0.3,0.3,0.3,0.3,0.3,0.3,12.0,-0.8,20.0,0.41,0.25,0.3,25.0,0.3
260,0.3695312500000001,0.275,0.341796875,0.3,0.3,0.3,0.3,0.3,0.3,0.3,0.3,0.3,0.3,0.3,0.3,0.3,0.3,0.3,0.3,0.3,12.0,-0.8,20.0,0.42,0.25,0.3,25.0,0.3
261,0.4062499999999999,0.379296875,0.3,0.3,0.3,0.3,0.3,0.3,0.3,0.3,0.3,0.3,0.3,0.3,0.3,0.3,0.3,0.3,0.3,0.3,12.0,-0.8,20.0,0.42,0.25,0.3,25.0,0.3
262,0.41093749999999996,0.31953125000000004,0.3,0.3,0.3,0.3,0.3,0.3,0.3,0.3,0.3,0.3,0.3,0.3,0.3,0.3,0.3,0.3,0.3,0.3,12.0,-0.8,20.0,0.42,0.25,0.3,25.0,0.3
263,0.41445312499999987,0.33085937499999996,0.3,0.3,0.3,0.3,0.3,0.3,0.3,0.3,0.3,0.3,0.3,0.3,0.3,0.3,0.3,0.3,0.3,0.3,12.0,-0.8,20.0,0.42,0.25,0.3,25.0,0.3
264,0.3648437499999999,0.344140625,0.3,0.3,0.3,0.3,0.3,0.3,0.3,0.3,0.3,0.3,0.3,0.3,0.3,0.3,0.3,0.3,0.3,0.3,12.0,-0.8,20.0,0.42,0.25,0.3,25.0,0.3
265,0.32499999999999996,0.304296875,0.3,0.3,0.3,0.3,0.3,0.3,0.3,0.3,0.3,0.3,0.3,0.3,0.3,0.3,0.3,0.3,0.3,0.3,12.0,-0.8,20.0,0.43,0.25,0.3,25.0,0.3
266,0.3550781249999999,0.303125,0.3,0.3,0.3,0.3,0.3,0.3,0.3,0.3,0.3,0.3,0.3,0.3,0.3,0.3,0.3,0.3,0.3,0.3,12.0,-0.8,20.0,0.43,0.25,0.3,25.0,0.3
267,0.3085937499999999,0.25078124999999996,0.3,0.3,0.3,0.3,0.3,0.3,0.3,0.3,0.3,0.3,0.3,0.3,0.3,0.3,0.3,0.3,0.3,0.3,12.0,-0.8,20.0,0.43,0.25,0.3,25.0,0.3
268,0.36406250000000007,0.3714843750000001,0.3,0.3,0.3,0.3,0.3,0.3,0.3,0.3,0.3,0.3,0.3,0.3,0.3,0.3,0.3,0.3,0.3,0.3,12.0,-0.8,20.0,0.43,0.25,0.3,25.0,0.3
269,0.38515625,0.2953125,0.322265625,0.3,0.3,0.3,0.3,0.3,0.3,0.3,0.3,0.3,0.3,0.3,0.3,0.3,0.3,0.3,0.3,0.3,12.0,-0.8,20.0,0.43,0.25,0.3,25.0,0.3
270,0.30000000000000004,0.28437500000000004,0.3,0.3,0.3,0.3,0.3,0.3,0.3,0.3,0.3,0.3,0.3,0.3,0.3,0.3,0.3,0.3,0.3,0.3,12.0,-0.8,20.0,0.44,0.25,0.3,25.0,0.3
271,0.417578125,0.30000000000000004,0.3,0.3,0.3,0.3,0.3,0.3,0.3,0.3,0.3,0.3,0.3,0.3,0.3,0.3,0.3,0.3,0.3,0.3,12.0,-0.8,20.0,0.44,0.25,0.3,25.0,0.3
272,0.6039062499999998,0.39140625000000007,0.3,0.3,0.3,0.3,0.3,0.3,0.3,0.3,0.3,0.3,0.3,0.3,0.3,0.3,0.3,0.3,0.3,0.3,12.0,-0.8,20.0,0.44,0.25,0.3,25.0,0.3
273,0.33515625000000004,0.300390625,0.3,0.3,0.3,0.3,0.3,0.3,0.3,0.3,0.3,0.3,0.3,0.3,0.3,0.3,0.3,0.3,0.3,0.3,12.0,-0.8,20.0,0.44,0.25,0.3,25.0,0.3
274,0.250390625,0.43085937499999993,0.38046875,0.3,0.3,0.3,0.3,0.3,0.3,0.3,0.3,0.3,0.3,0.3,0.3,0.3,0.3,0.3,0.3,0.3,12.0,-0.8,20.0,0.44,0.25,0.3,25.0,0.3
275,0.30000000000000004,0.262109375,0.3,0.3,0.3,0.3,0.3,0.3,0.3,0.3,0.3,0.3,0.3,0.3,0.3,0.3,0.3,0.3,0.3,0.3,12.0,-0.8,20.0,0.45,0.25,0.3,25.0,0.3
276,0.31718749999999996,0.373046875,0.36054687500000004,0.37734375,0.3,0.3,0.3,0.3,0.3,0.3,0.3,0.3,0.3,0.3,0.3,0.3,0.3,0.3,0.3,0.3,12.0,-0.8,20.0,0.45,0.25,0.3,25.0,0.3
277,0.32539062500000004,0.30390624999999993,0.3,0.3,0.3,0.3,0.3,0.3,0.3,0.3,0.3,0.3,0.3,0.3,0.3,0.3,0.3,0.3,0.3,0.3,12.0,-0.8,20.0,0.45,0.25,0.3,25.0,0.3
278,0.31718749999999996,0.3070312500000001,0.310546875,0.27851562500000004,0.3,0.3,0.3,0.3,0.3,0.3,0.3,0.3,0.3,0.3,0.3,0.3,0.3,0.3,0.3,0.3,12.0,-0.8,20.0,0.45,0.25,0.3,25.0,0.3
279,0.30000000000000004,0.29374999999999996,0.26835937500000007,0.258203125,0.3,0.3,0.3,0.3,0.3,0.3,0.3,0.3,0.3,0.3,0.3,0.3,0.3,0.3,0.3,0.3,12.0,-0.8,20.0,0.45,0.25,0.3,25.0,0.3
280,0.44453125000000004,0.419921875,0.3,0.3,0.3,0.3,0.3,0.3,0.3,0.3,0.3,0.3,0.3,0.3,0.3,0.3,0.3,0.3,0.3,0.3,12.0,-0.8,20.0,0.46,0.25,0.3,25.0,0.3
281,0.287109375,0.32499999999999996,0.276953125,0.29414062499999993,0.3,0.3,0.3,0.3,0.3,0.3,0.3,0.3,0.3,0.3,0.3,0.3,0.3,0.3,0.3,0.3,12.0,-0.8,20.0,0.46,0.25,0.3,25.0,0.3
282,0.30000000000000004,0.25898437500000004,0.250390625,0.3,0.3,0.3,0.3,0.3,0.3,0.3,0.3,0.3,0.3,0.3,0.3,0.3,0.3,0.3,0.3,0.3,12.0,-0.8,20.0,0.46,0.25,0.3,25.0,0.3
283,0.37343749999999987,0.29374999999999996,0.3,0.3,0.3,0.3,0.3,0.3,0.3,0.3,0.3,0.3,0.3,0.3,0.3,0.3,0.3,0.3,0.3,0.3,12.0,-0.8,20.0,0.46,0.25,0.3,25.0,0.3
284,0.3187500000000001,0.28242187500000004,0.3,0.3,0.3,0.3,0.3,0.3,0.3,0.3,0.3,0.3,0.3,0.3,0.3,0.3,0.3,0.3,0.3,0.3,12.0,-0.8,20.0,0.46,0.25,0.3,25.0,0.3
285,0.30000000000000004,0.273828125,0.3,0.3,0.3,0.3,0.3,0.3,0.3,0.3,0.3,0.3,0.3,0.3,0.3,0.3,0.3,0.3,0.3,0.3,12.0,-0.8,20.0,0.47,0.25,0.3,25.0,0.3
286,0.34687500000000004,0.3238281249999999,0.3,0.3,0.3,0.3,0.3,0.3,0.3,0.3,0.3,0.3,0.3,0.3,0.3,0.3,0.3,0.3,0.3,0.3,12.0,-0.8,20.0,0.47,0.25,0.3,25.0,0.3
287,0.3,0.3,0.3,0.3,0.3,0.3,0.3,0.3,0.3,0.3,0.3,0.3,0.3,0.3,0.3,0.3,0.3,0.3,0.3,0.3,12.0,-0.8,20.0,0.47,0.25,0.3,25.0,0.3
288,0.3,0.3,0.3,0.3,0.3,0.3,0.3,0.3,0.3,0.3,0.3,0.3,0.3,0.3,0.3,0.3,0.3,0.3,0.3,0.3,12.0,-0.8,20.0,0.47,0.25,0.3,25.0,0.3
289,0.386328125,0.29609374999999993,0.3,0.3,0.3,0.3,0.3,0.3,0.3,0.3,0.3,0.3,0.3,0.3,0.3,0.3,0.3,0.3,0.3,0.3,12.0,-0.8,20.0,0.47,0.25,0.3,25.0,0.3
290,0.37812499999999993,0.333984375,0.3,0.3,0.3,0.3,0.3,0.3,0.3,0.3,0.3,0.3,0.3,0.3,0.3,0.3,0.3,0.3,0.3,0.3,12.0,-0.8,20.0,0.48,0.25,0.3,25.0,0.3
291,0.30000000000000004,0.314453125,0.3,0.3,0.3,0.3,0.3,0.3,0.3,0.3,0.3,0.3,0.3,0.3,0.3,0.3,0.3,0.3,0.3,0.3,12.0,-0.8,20.0,0.48,0.25,0.3,25.0,0.3
292,0.49296875000000007,0.25273437499999996,0.3,0.3,0.3,0.3,0.3,0.3,0.3,0.3,0.3,0.3,0.3,0.3,0.3,0.3,0.3,0.3,0.3,0.3,12.0,-0.8,20.0,0.48,0.25,0.3,25.0,0.3
293,0.30000000000000004,0.3,0.3,0.3,0.3,0.3,0.3,0.3,0.3,0.3,0.3,0.3,0.3,0.3,0.3,0.3,0.3,0.3,0.3,0.3,12.0,-0.8,20.0,0.48,0.25,0.3,25.0,0.3
294,0.296875,0.305078125,0.3,0.3,0.3,0.3,0.3,0.3,0.3,0.3,0.3,0.3,0.3,0.3,0.3,0.3,0.3,0.3,0.3,0.3,12.0,-0.8,20.0,0.48,0.25,0.3,25.0,0.3
295,0.30000000000000004,0.29140624999999987,0.3,0.3,0.3,0.3,0.3,0.3,0.3,0.3,0.3,0.3,0.3,0.3,0.3,0.3,0.3,0.3,0.3,0.3,12.0,-0.8,20.0,0.49,0.25,0.3,25.0,0.3
296,0.343359375,0.312109375,0.3,0.3,0.3,0.3,0.3,0.3,0.3,0.3,0.3,0.3,0.3,0.3,0.3,0.3,0.3,0.3,0.3,0.3,12.0,-0.8,20.0,0.49,0.25,0.3,25.0,0.3
297,0.288671875,0.250390625,0.3,0.3,0.3,0.3,0.3,0.3,0.3,0.3,0.3,0.3,0.3,0.3,0.3,0.3,0.3,0.3,0.3,0.3,12.0,-0.8,20.0,0.49,0.25,0.3,25.0,0.3
298,0.30000000000000004,0.30000000000000004,0.3,0.3,0.3,0.3,0.3,0.3,0.3,0.3,0.3,0.3,0.3,0.3,0.3,0.3,0.3,0.3,0.3,0.3,12.0,-0.8,20.0,0.49,0.25,0.3,25.0,0.3
299,0.283203125,0.3,0.3,0.3,0.3,0.3,0.3,0.3,0.3,0.3,0.3,0.3,0.3,0.3,0.3,0.3,0.3,0.3,0.3,0.3,12.0,-0.8,20.0,0.49,0.25,0.3,25.0,0.3
300,0.40546875000000016,0.412109375,0.34453125000000007,0.39531250000000007,0.5050781250000002,0.23671874999999995,0.28242187500000004,0.20078125,0.40859375,0.398046875,0.3460937500000001,0.409765625,0.29999999999999993,0.46406249999999993,0.3984375,0.250390625,0.324609375,0.349609375,0.3,0.3,12.0,-0.8,20.0,0.2,0.25,0.3,3.0,0.3
301,0.3140624999999999,0.275,0.383203125,0.31132812499999996,0.2875,0.250390625,0.30390625000000004,0.46601562499999993,0.35468750000000004,0.25078124999999996,0.44609374999999984,0.4058593749999999,0.414453125,0.36835937499999993,0.41718749999999993,0.250390625,0.3,0.3,0.3,0.3,12.0,-0.8,20.0,0.2,0.25,0.3,3.0,0.3
302,0.45273437500000013,0.44453124999999993,0.301171875,0.41093749999999996,0.30195312499999993,0.42226562499999987,0.26093750000000004,0.6085937500000002,0.4609375,0.48749999999999993,0.412109375,0.423828125,0.3,0.3,0.3,0.3,0.3,0.3,0.3,0.3,12.0,-0.8,20.0,0.2,0.25,0.3,3.0,0.3
303,0.47148437500000007,0.48124999999999996,0.47773437500000016,0.4058593749999999,0.5484375000000001,0.40507812499999984,0.6289062500000002,0.38164062499999996,0.42109375000000004,0.250390625,0.390234375,0.250390625,0.43046874999999996,0.3,0.3,0.3,0.3,0.3,0.3,0.3,12.0,-0.8,20.0,0.2,0.25,0.3,3.0,0.3
304,0.406640625,0.3851562500000001,0.425390625,0.288671875,0.39335937500000007,0.4359375000000001,0.3753906250000001,0.291015625,0.456640625,0.4687500000000002,0.40117187499999996,0.349609375,0.392578125,0.2867187499999999,0.398828125,0.3,0.3,0.3,0.3,0.3,12.0,-0.8,20.0,0.2,0.25,0.3,3.0,0.3
305,0.3472656249999999,0.34375,0.483984375,0.36796875000000007,0.25507812499999993,0.26249999999999996,0.228125,0.4074218749999998,0.3574218750000001,0.29999999999999993,0.40234375,0.29999999999999993,0.41289062500000007,0.4296875,0.32499999999999996,0.3,0.3,0.3,0.3,0.3,12.0,-0.8,20.0,0.21,0.25,0.3,3.0,0.3
306,0.5199218750000001,0.37890625,0.4355468750000001,0.4488281249999999,0.398046875,0.4515625000000001,0.39804687500000013,0.32539062499999993,0.401953125,0.38789062500000004,0.505078125,0.3984375,0.3,0.3,0.3,0.3,0.3,0.3,0.3,0.3,12.0,-0.8,20.0,0.21,0.25,0.3,3.0,0.3
307,0.398828125,0.4164062500000001,0.4550781249999999,0.29960937499999996,0.312890625,0.44218749999999996,0.4507812499999998,0.38203124999999993,0.328515625,0.31757812499999993,0.303125,0.44765625,0.3437499999999999,0.39921874999999996,0.3,0.3,0.3,0.3,0.3,0.3,12.0,-0.8,20.0,0.21,0.25,0.3,3.0,0.3
308,0.46757812499999996,0.40585937500000013,0.263671875,0.421875,0.44609374999999996,0.347265625,0.250390625,0.4593750000000001,0.47734375000000007,0.36328125,0.259375,0.35,0.3,0.3,0.3,0.3,0.3,0.3,0.3,0.3,12.0,-0.8,20.0,0.21,0.25,0.3,3.0,0.3
309,0.47382812500000004,0.333984375,0.37617187500000004,0.39726562499999996,0.4332031249999999,0.31523437500000007,0.394921875,0.406640625,0.250390625,0.4058593749999999,0.398828125,0.423828125,0.250390625,0.250390625,0.3,0.3,0.3,0.3,0.3,0.3,12.0,-0.8,20.0,0.21,0.25,0.3,3.0,0.3
310,0.4078125,0.4242187500000002,0.30351562499999996,0.38203125000000004,0.5535156250000001,0.4550781250000001,0.3265625000000001,0.416015625,0.34453125000000007,0.45585937499999984,0.4488281249999999,0.39921874999999996,0.3,0.3,0.3,0.3,0.3,0.3,0.3,0.3,12.0,-0.8,20.0,0.22,0.25,0.3,3.0,0.3
311,0.237890625,0.31796875,0.46601562499999993,0.32539062499999993,0.32578125,0.423828125,0.3984375,0.38359375000000007,0.34375,0.2875,0.36250000000000004,0.344140625,0.4628906249999999,0.398828125,0.349609375,0.3,0.3,0.3,0.3,0.3,12.0,-0.8,20.0,0.22,0.25,0.3,3.0,0.3
312,0.3457031249999999,0.35429687499999996,0.320703125,0.20078125,0.3140625,0.34765625,0.398828125,0.369140625,0.4277343749999999,0.365625,0.3570312499999999,0.44843750000000004,0.250390625,0.34921875,0.3359375,0.250390625,0.39921874999999996,0.3,0.3,0.3,12.0,-0.8,20.0,0.22,0.25,0.3,3.0,0.3
313,0.34843750000000007,0.49375,0.544921875,0.4261718750000001,0.35546875,0.250390625,0.39296875,0.4019531249999999,0.527734375,0.43867187499999993,0.374609375,0.250390625,0.250390625,0.29179687499999996,0.250390625,0.349609375,0.349609375,0.3,0.3,0.3,12.0,-0.8,20.0,0.22,0.25,0.3,3.0,0.3
314,0.36640624999999993,0.43046875000000007,0.35039062499999996,0.310546875,0.25117187500000004,0.5789062500000001,0.21640625,0.398828125,0.38593750000000004,0.30585937500000004,0.24453124999999995,0.462890625,0.43046874999999996,0.406640625,0.41132812499999993,0.34921875,0.3,0.3,0.3,0.3,12.0,-0.8,20.0,0.22,0.25,0.3,3.0,0.3
315,0.41835937499999987,0.542578125,0.30742187499999996,0.5097656250000002,0.41875000000000007,0.24374999999999997,0.5171875,0.32539062499999993,0.37773437500000007,0.33671874999999996,0.31914062499999996,0.398828125,0.34101562499999993,0.3,0.3,0.3,0.3,0.3,0.3,0.3,12.0,-0.8,20.0,0.23,0.25,0.3,3.0,0.3
316,0.3476562499999999,0.3511718749999998,0.7269531250000004,0.387109375,0.3769531249999999,0.4511718749999999,0.5289062500000001,0.5249999999999999,0.250390625,0.46367187499999996,0.45585937499999996,0.250390625,0.4453125,0.3,0.3,0.3,0.3,0.3,0.3,0.3,12.0,-0.8,20.0,0.23,0.25,0.3,3.0,0.3
317,0.408203125,0.4468749999999999,0.5714843750000002,0.3203125,0.404296875,0.44062500000000004,0.3589843749999999,0.2988281249999999,0.20078125,0.29999999999999993,0.4863281249999999,0.44804687499999996,0.29999999999999993,0.44023437499999984,0.349609375,0.250390625,0.3,0.3,0.3,0.3,12.0,-0.8,20.0,0.23,0.25,0.3,3.0,0.3
318,0.449609375,0.6101562500000002,0.366796875,0.490234375,0.40703125000000007,0.40117187499999996,0.698828125,0.35039062499999996,0.37421874999999993,0.49843749999999987,0.3124999999999999,0.39921874999999996,0.390625,0.349609375,0.3,0.3,0.3,0.3,0.3,0.3,12.0,-0.8,20.0,0.23,0.25,0.3,3.0,0.3
319,0.4140625,0.30000000000000004,0.326171875,0.31875,0.39765624999999993,0.3257812499999999,0.330078125,0.27851562500000004,0.3804687499999999,0.4046875,0.3843749999999999,0.35703125,0.38554687499999996,0.34375,0.3,0.3,0.3,0.3,0.3,0.3,12.0,-0.8,20.0,0.23,0.25,0.3,3.0,0.3
320,0.250390625,0.402734375,0.402734375,0.37812499999999993,0.275,0.32695312499999996,0.39296875,0.39335937499999996,0.41875000000000007,0.306640625,0.291015625,0.312890625,0.3,0.3,0.3,0.3,0.3,0.3,0.3,0.3,12.0,-0.8,20.0,0.24,0.25,0.3,3.0,0.3
321,0.390625,0.46445312500000013,0.2503906250000001,0.4843749999999999,0.42031249999999987,0.3999999999999999,0.4476562500000001,0.415625,0.40312500000000007,0.4628906249999999,0.5109374999999999,0.250390625,0.4238281249999999,0.4203125,0.349609375,0.3,0.3,0.3,0.3,0.3,12.0,-0.8,20.0,0.24,0.25,0.3,3.0,0.3
322,0.5500000000000002,0.4781249999999999,0.33710937500000004,0.46601562499999993,0.44218749999999996,0.49687500000000007,0.406640625,0.3921874999999999,0.250390625,0.349609375,0.250390625,0.3,0.3,0.3,0.3,0.3,0.3,0.3,0.3,0.3,12.0,-0.8,20.0,0.24,0.25,0.3,3.0,0.3
323,0.5375000000000001,0.34062499999999996,0.34921875,0.40234375,0.35820312500000007,0.44023437500000007,0.36640624999999993,0.29999999999999993,0.333984375,0.33320312499999993,0.3,0.3,0.3,0.3,0.3,0.3,0.3,0.3,0.3,0.3,12.0,-0.8,20.0,0.24,0.25,0.3,3.0,0.3
324,0.43359375,0.4429687499999999,0.3101562499999999,0.4238281250000001,0.437890625,0.31328124999999996,0.374609375,0.39179687499999993,0.44453124999999993,0.31914062499999996,0.30000000000000004,0.4156249999999999,0.3,0.3,0.3,0.3,0.3,0.3,0.3,0.3,12.0,-0.8,20.0,0.24,0.25,0.3,3.0,0.3
325,0.30742187500000007,0.44218750000000007,0.29999999999999993,0.250390625,0.4621093749999998,0.5914062500000001,0.433203125,0.4175781249999999,0.349609375,0.349609375,0.349609375,0.349609375,0.3,0.3,0.3,0.3,0.3,0.3,0.3,0.3,12.0,-0.8,20.0,0.25,0.25,0.3,3.0,0.3
326,0.46406250000000016,0.6007812500000002,0.505078125,0.5015624999999999,0.37734375,0.30742187499999996,0.42421875,0.47617187500000013,0.380859375,0.27421874999999996,0.38164062499999996,0.257421875,0.3,0.3,0.3,0.3,0.3,0.3,0.3,0.3,12.0,-0.8,20.0,0.25,0.25,0.3,3.0,0.3
327,0.39101562499999987,0.6011718750000002,0.47304687499999987,0.29179687500000007,0.4046875000000001,0.443359375,0.41289062499999996,0.48945312499999993,0.421484375,0.34882812499999993,0.41640625,0.3,0.3,0.3,0.3,0.3,0.3,0.3,0.3,0.3,12.0,-0.8,20.0,0.25,0.25,0.3,3.0,0.3
328,0.324609375,0.36249999999999993,0.6027343750000004,0.46328125,0.2929687500000001,0.328515625,0.27656250000000004,0.30000000000000004,0.4722656249999999,0.4066406250000001,0.38515625,0.42734375,0.41874999999999996,0.38398437499999993,0.3,0.3,0.3,0.3,0.3,0.3,12.0,-0.8,20.0,0.25,0.25,0.3,3.0,0.3
329,0.43203124999999987,0.275,0.46796875000000004,0.43046875000000007,0.406640625,0.4375000000000001,0.29375000000000007,0.4222656250000001,0.422265625,0.303125,0.3999999999999999,0.41953125,0.3,0.3,0.3,0.3,0.3,0.3,0.3,0.3,12.0,-0.8,20.0,0.25,0.25,0.3,3.0,0.3
330,0.3843749999999999,0.48710937499999996,0.46796874999999993,0.29960937500000007,0.2503906250000001,0.3476562499999999,0.34296875000000004,0.3667968749999999,0.38789062500000004,0.32929687499999993,0.38125,0.36406249999999996,0.3277343749999999,0.351953125,0.3,0.3,0.3,0.3,0.3,0.3,12.0,-0.8,20.0,0.26,0.25,0.3,3.0,0.3
331,0.38789062500000004,0.2734375,0.386328125,0.3988281250000001,0.42851562499999996,0.423828125,0.28789062499999996,0.375,0.4117187499999999,0.355859375,0.3,0.3,0.3,0.3,0.3,0.3,0.3,0.3,0.3,0.3,12.0,-0.8,20.0,0.26,0.25,0.3,3.0,0.3
332,0.46210937499999993,0.44609374999999996,0.45234375000000004,0.3812500000000001,0.349609375,0.35,0.45624999999999993,0.39609375,0.4671875,0.36328125,0.3,0.3,0.3,0.3,0.3,0.3,0.3,0.3,0.3,0.3,12.0,-0.8,20.0,0.26,0.25,0.3,3.0,0.3
333,0.418359375,0.4359375000000001,0.35234374999999996,0.38945312499999996,0.318359375,0.43437499999999996,0.36796874999999996,0.3847656249999999,0.38203124999999993,0.250390625,0.31562499999999993,0.33671874999999996,0.3,0.3,0.3,0.3,0.3,0.3,0.3,0.3,12.0,-0.8,20.0,0.26,0.25,0.3,3.0,0.3
334,0.5355468749999999,0.48945312499999993,0.4179687499999999,0.42031249999999987,0.29999999999999993,0.36250000000000004,0.38203124999999993,0.20078125,0.358984375,0.36015625000000007,0.30937500000000007,0.37617187499999993,0.39921874999999996,0.3,0.3,0.3,0.3,0.3,0.3,0.3,12.0,-0.8,20.0,0.26,0.25,0.3,3.0,0.3
335,0.412109375,0.5804687500000001,0.45390624999999996,0.4132812499999998,0.3066406249999999,0.31757812499999993,0.4078125,0.4234375,0.38046875,0.363671875,0.3421875,0.38398437499999993,0.3,0.3,0.3,0.3,0.3,0.3,0.3,0.3,12.0,-0.8,20.0,0.27,0.25,0.3,3.0,0.3
336,0.275,0.509375,0.3769531249999999,0.38125,0.37617187499999993,0.4234374999999999,0.5433593750000001,0.4492187499999999,0.4398437500000001,0.250390625,0.29999999999999993,0.38359374999999996,0.423828125,0.3,0.3,0.3,0.3,0.3,0.3,0.3,12.0,-0.8,20.0,0.27,0.25,0.3,3.0,0.3
337,0.523046875,0.470703125,0.39765625000000004,0.37617187500000004,0.34218749999999987,0.478515625,0.4355468749999999,0.29374999999999996,0.3492187499999999,0.38125,0.5441406249999998,0.3984375,0.512109375,0.4238281249999999,0.3,0.3,0.3,0.3,0.3,0.3,12.0,-0.8,20.0,0.27,0.25,0.3,3.0,0.3
338,0.3124999999999999,0.30937499999999996,0.23984375,0.35429687499999996,0.4125000000000001,0.31015625,0.4398437500000001,0.357421875,0.465234375,0.46210937499999993,0.49101562499999996,0.3609375,0.3,0.3,0.3,0.3,0.3,0.3,0.3,0.3,12.0,-0.8,20.0,0.27,0.25,0.3,3.0,0.3
339,0.5976562500000001,0.6046875000000004,0.3105468750000001,0.476171875,0.3921875,0.43867187499999993,0.42656249999999996,0.41718749999999993,0.34921875,0.29414062499999993,0.41953125,0.37773437499999996,0.3,0.3,0.3,0.3,0.3,0.3,0.3,0.3,12.0,-0.8,20.0,0.27,0.25,0.3,3.0,0.3
340,0.5546875,0.36601562500000007,0.49765625000000013,0.507421875,0.301171875,0.45703125,0.38007812499999993,0.250390625,0.39921874999999996,0.39921874999999996,0.39921874999999996,0.349609375,0.250390625,0.3,0.3,0.3,0.3,0.3,0.3,0.3,12.0,-0.8,20.0,0.28,0.25,0.3,3.0,0.3
341,0.40234375,0.5648437500000001,0.504296875,0.40859374999999987,0.4,0.415625,0.43437499999999996,0.24218749999999992,0.250390625,0.35664062499999993,0.3,0.3,0.3,0.3,0.3,0.3,0.3,0.3,0.3,0.3,12.0,-0.8,20.0,0.28,0.25,0.3,3.0,0.3
342,0.4410156249999999,0.33124999999999993,0.401953125,0.519921875,0.6,0.433203125,0.509765625,0.36835937500000004,0.3,0.3,0.3,0.3,0.3,0.3,0.3,0.3,0.3,0.3,0.3,0.3,12.0,-0.8,20.0,0.28,0.25,0.3,3.0,0.3
343,0.4554687500000002,0.3804687499999999,0.409765625,0.26249999999999996,0.616796875,0.5132812499999999,0.4214843749999999,0.38398437499999993,0.4980468749999999,0.44179687499999987,0.250390625,0.465234375,0.3,0.3,0.3,0.3,0.3,0.3,0.3,0.3,12.0,-0.8,20.0,0.28,0.25,0.3,3.0,0.3
344,0.33046875,0.41835937499999987,0.4984375,0.430078125,0.36406249999999996,0.37578124999999996,0.30000000000000004,0.347265625,0.349609375,0.3,0.349609375,0.3,0.3,0.3,0.3,0.3,0.3,0.3,0.3,0.3,12.0,-0.8,20.0,0.28,0.25,0.3,3.0,0.3
345,0.384765625,0.35234375000000007,0.29999999999999993,0.487890625,0.2875,0.51484375,0.375,0.5898437499999999,0.36250000000000004,0.251953125,0.47734374999999996,0.516796875,0.3,0.3,0.3,0.3,0.3,0.3,0.3,0.3,12.0,-0.8,20.0,0.29,0.25,0.3,3.0,0.3
346,0.45273437500000013,0.250390625,0.366796875,0.42265625000000007,0.321875,0.45234375000000004,0.4183593750000001,0.46210937500000004,0.250390625,0.39921874999999996,0.349609375,0.3,0.3,0.3,0.3,0.3,0.3,0.3,0.3,0.3,12.0,-0.8,20.0,0.29,0.25,0.3,3.0,0.3
347,0.4390625,0.6281250000000004,0.462890625,0.575390625,0.36250000000000004,0.29999999999999993,0.29999999999999993,0.409765625,0.33710937500000004,0.250390625,0.421875,0.3,0.3,0.3,0.3,0.3,0.3,0.3,0.3,0.3,12.0,-0.8,20.0,0.29,0.25,0.3,3.0,0.3
348,0.30351562499999996,0.38046875,0.33828125,0.36640624999999993,0.375390625,0.35078124999999993,0.31914062499999996,0.31757812499999993,0.250390625,0.4253906249999999,0.39140624999999996,0.41171875,0.38046875,0.40468749999999987,0.3,0.3,0.3,0.3,0.3,0.3,12.0,-0.8,20.0,0.29,0.25,0.3,3.0,0.3
349,0.29960937500000007,0.44218750000000007,0.29999999999999993,0.3984375,0.349609375,0.250390625,0.390234375,0.4488281249999999,0.349609375,0.349609375,0.250390625,0.3,0.3,0.3,0.3,0.3,0.3,0.3,0.3,0.3,12.0,-0.8,20.0,0.29,0.25,0.3,3.0,0.3
350,0.294921875,0.275,0.3578125,0.39335937500000007,0.29960937500000007,0.3363281250000001,0.394140625,0.33320312500000004,0.39140625000000007,0.35585937499999987,0.35429687499999996,0.3046875,0.26289062500000004,0.32499999999999996,0.3,0.3,0.3,0.3,0.3,0.3,12.0,-0.8,20.0,0.3,0.25,0.3,3.0,0.3
351,0.34921875,0.550390625,0.49335937499999993,0.42304687500000004,0.378515625,0.328515625,0.30937500000000007,0.4312499999999999,0.4605468749999999,0.34921875,0.41796875,0.34921875,0.3,0.3,0.3,0.3,0.3,0.3,0.3,0.3,12.0,-0.8,20.0,0.3,0.25,0.3,3.0,0.3
352,0.30351562499999996,0.453125,0.3890625,0.532421875,0.519140625,0.3765625,0.29999999999999993,0.43867187500000004,0.43632812499999996,0.42499999999999993,0.47382812499999993,0.398828125,0.3,0.3,0.3,0.3,0.3,0.3,0.3,0.3,12.0,-0.8,20.0,0.3,0.25,0.3,3.0,0.3
353,0.41054687499999987,0.5679687500000002,0.4781249999999999,0.5148437499999999,0.4828125,0.448828125,0.379296875,0.27265625000000004,0.44765625,0.337890625,0.3,0.3,0.3,0.3,0.3,0.3,0.3,0.3,0.3,0.3,12.0,-0.8,20.0,0.3,0.25,0.3,3.0,0.3
354,0.35,0.32499999999999996,0.488671875,0.43515625,0.4429687499999999,0.36171875,0.46171875000000007,0.38828125,0.4039062499999999,0.31640625,0.4902343750000001,0.3,0.3,0.3,0.3,0.3,0.3,0.3,0.3,0.3,12.0,-0.8,20.0,0.3,0.25,0.3,3.0,0.3
355,0.27734375,0.3421875000000001,0.35078125000000004,0.26289062500000004,0.523828125,0.4859374999999999,0.421875,0.398828125,0.42499999999999993,0.41953125,0.3,0.3,0.3,0.3,0.3,0.3,0.3,0.3,0.3,0.3,12.0,-0.8,20.0,0.31,0.25,0.3,3.0,0.3
356,0.47734375000000007,0.44882812500000013,0.45429687500000016,0.466796875,0.416015625,0.448828125,0.4234375,0.250390625,0.396875,0.349609375,0.349609375,0.349609375,0.3,0.3,0.3,0.3,0.3,0.3,0.3,0.3,12.0,-0.8,20.0,0.31,0.25,0.3,3.0,0.3
357,0.33085937500000007,0.4800781249999999,0.416015625,0.499609375,0.36835937500000004,0.312890625,0.41132812499999993,0.38046875,0.3,0.3,0.3,0.3,0.3,0.3,0.3,0.3,0.3,0.3,0.3,0.3,12.0,-0.8,20.0,0.31,0.25,0.3,3.0,0.3
358,0.37773437499999996,0.5171875,0.40390625,0.36015625000000007,0.4062499999999999,0.41171875000000013,0.4203125,0.41796875,0.39374999999999993,0.349609375,0.3,0.3,0.3,0.3,0.3,0.3,0.3,0.3,0.3,0.3,12.0,-0.8,20.0,0.31,0.25,0.3,3.0,0.3
359,0.3179687499999999,0.3953125000000002,0.31875,0.4203125,0.4156249999999999,0.29999999999999993,0.6960937500000005,0.349609375,0.43046874999999996,0.34882812499999993,0.3,0.3,0.3,0.3,0.3,0.3,0.3,0.3,0.3,0.3,12.0,-0.8,20.0,0.31,0.25,0.3,3.0,0.3
360,0.469140625,0.376953125,0.3785156249999999,0.3671875,0.38398437500000016,0.3554687499999999,0.3531249999999999,0.36015625000000007,0.3,0.3,0.3,0.3,0.3,0.3,0.3,0.3,0.3,0.3,0.3,0.3,12.0,-0.8,20.0,0.32,0.25,0.3,3.0,0.3
361,0.31640625,0.3773437500000001,0.5722656250000001,0.25078124999999996,0.5207031249999999,0.349609375,0.3863281249999998,0.38203125000000004,0.45195312499999996,0.39921874999999996,0.3,0.3,0.3,0.3,0.3,0.3,0.3,0.3,0.3,0.3,12.0,-0.8,20.0,0.32,0.25,0.3,3.0,0.3
362,0.44453124999999993,0.41171875,0.28398437500000007,0.4296875,0.456640625,0.37109375,0.47968749999999993,0.30937499999999996,0.41914062499999993,0.32499999999999996,0.3359375,0.3359374999999999,0.3,0.3,0.3,0.3,0.3,0.3,0.3,0.3,12.0,-0.8,20.0,0.32,0.25,0.3,3.0,0.3
363,0.6742187500000001,0.461328125,0.5683593749999999,0.49882812500000007,0.32539062499999993,0.3593750000000001,0.38125,0.42460937499999996,0.3,0.3,0.3,0.3,0.3,0.3,0.3,0.3,0.3,0.3,0.3,0.3,12.0,-0.8,20.0,0.32,0.25,0.3,3.0,0.3
364,0.558203125,0.5144531250000001,0.47968750000000004,0.4753906250000002,0.524609375,0.46328124999999987,0.398828125,0.349609375,0.281640625,0.3,0.3,0.3,0.3,0.3,0.3,0.3,0.3,0.3,0.3,0.3,12.0,-0.8,20.0,0.32,0.25,0.3,3.0,0.3
365,0.480859375,0.40898437500000007,0.422265625,0.391015625,0.5628906250000001,0.43671875000000004,0.40898437499999996,0.39531250000000007,0.30000000000000004,0.349609375,0.3,0.3,0.3,0.3,0.3,0.3,0.3,0.3,0.3,0.3,12.0,-0.8,20.0,0.33,0.25,0.3,3.0,0.3
366,0.49140625000000004,0.5046875000000001,0.44257812499999993,0.4683593749999998,0.421875,0.5421875,0.47890625,0.32304687499999996,0.3,0.3,0.3,0.3,0.3,0.3,0.3,0.3,0.3,0.3,0.3,0.3,12.0,-0.8,20.0,0.33,0.25,0.3,3.0,0.3
367,0.38554687500000007,0.46171875000000007,0.326171875,0.3710937499999999,0.3824218749999999,0.398828125,0.44179687499999987,0.45585937499999984,0.349609375,0.3,0.3,0.3,0.3,0.3,0.3,0.3,0.3,0.3,0.3,0.3,12.0,-0.8,20.0,0.33,0.25,0.3,3.0,0.3
368,0.5171874999999999,0.6000000000000002,0.32343749999999993,0.32539062499999993,0.444921875,0.3945312499999999,0.271875,0.5460937500000002,0.30000000000000004,0.324609375,0.32148437499999993,0.3300781249999999,0.3,0.3,0.3,0.3,0.3,0.3,0.3,0.3,12.0,-0.8,20.0,0.33,0.25,0.3,3.0,0.3
369,0.25078124999999996,0.250390625,0.250390625,0.30078125,0.250390625,0.43125,0.402734375,0.34921875,0.30000000000000004,0.38125,0.3,0.3,0.3,0.3,0.3,0.3,0.3,0.3,0.3,0.3,12.0,-0.8,20.0,0.33,0.25,0.3,3.0,0.3
370,0.36250000000000004,0.38125,0.34648437499999996,0.3550781249999999,0.319921875,0.31367187500000004,0.316796875,0.283203125,0.312109375,0.30585937500000004,0.3,0.3,0.3,0.3,0.3,0.3,0.3,0.3,0.3,0.3,12.0,-0.8,20.0,0.34,0.25,0.3,3.0,0.3
371,0.45976562500000007,0.41132812499999993,0.40898437499999996,0.39296875,0.39921874999999996,0.349609375,0.349609375,0.349609375,0.349609375,0.34101562499999993,0.3,0.3,0.3,0.3,0.3,0.3,0.3,0.3,0.3,0.3,12.0,-0.8,20.0,0.34,0.25,0.3,3.0,0.3
372,0.30976562500000016,0.4625,0.435546875,0.4,0.4683593749999999,0.380859375,0.398828125,0.387109375,0.41679687499999996,0.38671875,0.4019531249999999,0.250390625,0.3,0.3,0.3,0.3,0.3,0.3,0.3,0.3,12.0,-0.8,20.0,0.34,0.25,0.3,3.0,0.3
373,0.58359375,0.4921875000000002,0.3722656249999998,0.39374999999999993,0.33710937500000004,0.4156249999999999,0.39570312499999993,0.34921875,0.349609375,0.349609375,0.3,0.3,0.3,0.3,0.3,0.3,0.3,0.3,0.3,0.3,12.0,-0.8,20.0,0.34,0.25,0.3,3.0,0.3
374,0.32148437500000004,0.388671875,0.44062500000000004,0.38203124999999993,0.4105468750000001,0.38593750000000016,0.3929687500000001,0.355859375,0.3,0.3,0.3,0.3,0.3,0.3,0.3,0.3,0.3,0.3,0.3,0.3,12.0,-0.8,20.0,0.34,0.25,0.3,3.0,0.3
375,0.40546875000000004,0.5011718750000002,0.4328124999999998,0.43281250000000016,0.45820312499999993,0.3578125000000001,0.32499999999999996,0.4058593749999999,0.4136718749999999,0.423828125,0.3,0.3,0.3,0.3,0.3,0.3,0.3,0.3,0.3,0.3,12.0,-0.8,20.0,0.35,0.25,0.3,3.0,0.3
376,0.5703125000000001,0.49296874999999996,0.451171875,0.40546874999999993,0.416015625,0.374609375,0.4179687500000001,0.3203125,0.349609375,0.3,0.3,0.3,0.3,0.3,0.3,0.3,0.3,0.3,0.3,0.3,12.0,-0.8,20.0,0.35,0.25,0.3,3.0,0.3
377,0.7234375000000002,0.531640625,0.5699218750000001,0.32539062499999993,0.34882812500000004,0.4046875,0.34921875,0.406640625,0.38046875,0.3,0.3,0.3,0.3,0.3,0.3,0.3,0.3,0.3,0.3,0.3,12.0,-0.8,20.0,0.35,0.25,0.3,3.0,0.3
378,0.3375,0.3242187500000001,0.45781249999999996,0.41171875,0.45976562499999996,0.3589843749999999,0.34843749999999996,0.29999999999999993,0.29999999999999993,0.250390625,0.349609375,0.3,0.3,0.3,0.3,0.3,0.3,0.3,0.3,0.3,12.0,-0.8,20.0,0.35,0.25,0.3,3.0,0.3
379,0.365234375,0.250390625,0.42460937499999996,0.4507812499999999,0.39921874999999996,0.349609375,0.349609375,0.349609375,0.3,0.3,0.3,0.3,0.3,0.3,0.3,0.3,0.3,0.3,0.3,0.3,12.0,-0.8,20.0,0.35,0.25,0.3,3.0,0.3
380,0.48515625000000007,0.406640625,0.3949218750000001,0.4800781249999999,0.29374999999999996,0.365234375,0.3984375000000001,0.30937499999999996,0.27070312500000004,0.3375,0.3,0.3,0.3,0.3,0.3,0.3,0.3,0.3,0.3,0.3,12.0,-0.8,20.0,0.36,0.25,0.3,3.0,0.3
381,0.470703125,0.33281249999999984,0.297265625,0.43984375,0.29960937500000007,0.498046875,0.39687499999999987,0.363671875,0.400390625,0.406640625,0.3,0.3,0.3,0.3,0.3,0.3,0.3,0.3,0.3,0.3,12.0,-0.8,20.0,0.36,0.25,0.3,3.0,0.3
382,0.384765625,0.4374999999999999,0.250390625,0.4515625,0.40351562499999993,0.419921875,0.3984375,0.34453125000000007,0.34375,0.3,0.3,0.3,0.3,0.3,0.3,0.3,0.3,0.3,0.3,0.3,12.0,-0.8,20.0,0.36,0.25,0.3,3.0,0.3
383,0.49687499999999984,0.388671875,0.45742187499999987,0.37734375,0.4546875,0.4,0.4078125,0.3785156249999999,0.3,0.3,0.3,0.3,0.3,0.3,0.3,0.3,0.3,0.3,0.3,0.3,12.0,-0.8,20.0,0.36,0.25,0.3,3.0,0.3
384,0.47421875000000013,0.355078125,0.5882812499999999,0.49687499999999996,0.33085937500000007,0.4585937499999999,0.45195312499999984,0.250390625,0.3,0.3,0.3,0.3,0.3,0.3,0.3,0.3,0.3,0.3,0.3,0.3,12.0,-0.8,20.0,0.36,0.25,0.3,3.0,0.3
385,0.46367187499999984,0.3589843749999999,0.530078125,0.3714843750000001,0.39960937500000004,0.3726562499999999,0.29999999999999993,0.3726562499999999,0.412109375,0.36601562500000007,0.3,0.3,0.3,0.3,0.3,0.3,0.3,0.3,0.3,0.3,12.0,-0.8,20.0,0.37,0.25,0.3,3.0,0.3
386,0.5769531250000001,0.4496093750000001,0.49335937500000004,0.4765625000000001,0.5226562499999999,0.42421874999999987,0.349609375,0.3,0.3,0.3,0.3,0.3,0.3,0.3,0.3,0.3,0.3,0.3,0.3,0.3,12.0,-0.8,20.0,0.37,0.25,0.3,3.0,0.3
387,0.29140624999999987,0.56484375,0.7753906250000006,0.5339843750000001,0.35078125000000004,0.48124999999999996,0.37890625,0.3906250000000001,0.3,0.3,0.3,0.3,0.3,0.3,0.3,0.3,0.3,0.3,0.3,0.3,12.0,-0.8,20.0,0.37,0.25,0.3,3.0,0.3
388,0.6675781250000004,0.49453125,0.30000000000000004,0.43437499999999996,0.4433593749999999,0.25664062499999996,0.5039062499999999,0.3980468749999999,0.3,0.3,0.3,0.3,0.3,0.3,0.3,0.3,0.3,0.3,0.3,0.3,12.0,-0.8,20.0,0.37,0.25,0.3,3.0,0.3
389,0.47695312499999987,0.35078124999999993,0.3746093749999999,0.2734375,0.429296875,0.534765625,0.347265625,0.36171875,0.355859375,0.3,0.3,0.3,0.3,0.3,0.3,0.3,0.3,0.3,0.3,0.3,12.0,-0.8,20.0,0.37,0.25,0.3,3.0,0.3
390,0.38945312499999996,0.35234375000000007,0.36250000000000004,0.34882812499999993,0.3531249999999999,0.29765624999999996,0.30703125,0.3226562500000001,0.251953125,0.446875,0.423828125,0.30000000000000004,0.39960937499999993,0.391015625,0.35,0.3,0.3,0.3,0.3,0.3,12.0,-0.8,20.0,0.38,0.25,0.3,3.0,0.3
391,0.6730468750000006,0.275,0.2875,0.39335937499999996,0.26015624999999987,0.3980468749999999,0.4691406250000002,0.36796875000000007,0.36875,0.3734375,0.349609375,0.3,0.3,0.3,0.3,0.3,0.3,0.3,0.3,0.3,12.0,-0.8,20.0,0.38,0.25,0.3,3.0,0.3
392,0.38359375000000007,0.33476562499999996,0.2945312499999999,0.3140625,0.409765625,0.36171875,0.375,0.345703125,0.26835937500000007,0.34101562499999993,0.3,0.3,0.3,0.3,0.3,0.3,0.3,0.3,0.3,0.3,12.0,-0.8,20.0,0.38,0.25,0.3,3.0,0.3
393,0.41015625,0.3398437499999999,0.39960937499999993,0.3515625,0.39960937499999993,0.35468749999999993,0.501171875,0.49296874999999984,0.3,0.3,0.3,0.3,0.3,0.3,0.3,0.3,0.3,0.3,0.3,0.3,12.0,-0.8,20.0,0.38,0.25,0.3,3.0,0.3
394,0.48281249999999987,0.38320312499999987,0.33359375,0.306640625,0.44140625,0.39335937499999996,0.312109375,0.359375,0.3515625,0.31875,0.316796875,0.32539062499999993,0.3,0.3,0.3,0.3,0.3,0.3,0.3,0.3,12.0,-0.8,20.0,0.38,0.25,0.3,3.0,0.3
395,0.373046875,0.553515625,0.36249999999999993,0.320703125,0.40078125,0.31484375,0.379296875,0.36406249999999996,0.3,0.3,0.3,0.3,0.3,0.3,0.3,0.3,0.3,0.3,0.3,0.3,12.0,-0.8,20.0,0.39,0.25,0.3,3.0,0.3
396,0.5132812499999998,0.4792968750000002,0.4433593749999999,0.3886718750000001,0.44296875,0.34687500000000004,0.398828125,0.398828125,0.3,0.3,0.3,0.3,0.3,0.3,0.3,0.3,0.3,0.3,0.3,0.3,12.0,-0.8,20.0,0.39,0.25,0.3,3.0,0.3
397,0.42578125,0.38671875,0.37773437499999996,0.3378906249999999,0.41875000000000007,0.34414062499999987,0.4429687499999999,0.423828125,0.250390625,0.3,0.3,0.3,0.3,0.3,0.3,0.3,0.3,0.3,0.3,0.3,12.0,-0.8,20.0,0.39,0.25,0.3,3.0,0.3
398,0.31757812499999993,0.5277343750000002,0.41640625,0.42265625000000007,0.5289062500000002,0.5,0.4101562499999999,0.4183593750000001,0.3,0.3,0.3,0.3,0.3,0.3,0.3,0.3,0.3,0.3,0.3,0.3,12.0,-0.8,20.0,0.39,0.25,0.3,3.0,0.3
399,0.5,0.20078125,0.35039062499999996,0.3656250000000001,0.34648437500000007,0.34648437499999996,0.40625,0.32421875,0.3374999999999999,0.38398437500000004,0.3,0.3,0.3,0.3,0.3,0.3,0.3,0.3,0.3,0.3,12.0,-0.8,20.0,0.39,0.25,0.3,3.0,0.3
400,0.6433593750000002,0.5925781250000001,0.6000000000000001,0.5828125000000001,0.4410156249999999,0.36054687500000004,0.3769531250000001,0.3652343749999999,0.3,0.3,0.3,0.3,0.3,0.3,0.3,0.3,0.3,0.3,0.3,0.3,12.0,-0.8,20.0,0.4,0.25,0.3,3.0,0.3
401,0.4812500000000002,0.45859375000000013,0.29960937500000007,0.48749999999999993,0.48984375,0.42695312500000004,0.4023437499999999,0.3,0.3,0.3,0.3,0.3,0.3,0.3,0.3,0.3,0.3,0.3,0.3,0.3,12.0,-0.8,20.0,0.4,0.25,0.3,3.0,0.3
402,0.525,0.44648437500000004,0.42070312500000007,0.32539062500000004,0.324609375,0.4277343749999999,0.30000000000000004,0.340234375,0.291015625,0.3,0.3,0.3,0.3,0.3,0.3,0.3,0.3,0.3,0.3,0.3,12.0,-0.8,20.0,0.4,0.25,0.3,3.0,0.3
403,0.4999999999999999,0.45625000000000004,0.3921875,0.36171874999999987,0.37617187500000004,0.4058593749999999,0.35,0.3,0.3,0.3,0.3,0.3,0.3,0.3,0.3,0.3,0.3,0.3,0.3,0.3,12.0,-0.8,20.0,0.4,0.25,0.3,3.0,0.3
404,0.558984375,0.49882812499999984,0.4613281250000001,0.391015625,0.250390625,0.44140625,0.250390625,0.250390625,0.3,0.3,0.3,0.3,0.3,0.3,0.3,0.3,0.3,0.3,0.3,0.3,12.0,-0.8,20.0,0.4,0.25,0.3,3.0,0.3
405,0.36875,0.28359375,0.28515625,0.250390625,0.29453125,0.3375,0.398046875,0.33124999999999993,0.39960937500000004,0.3375,0.374609375,0.3374999999999999,0.3,0.3,0.3,0.3,0.3,0.3,0.3,0.3,12.0,-0.8,20.0,0.41,0.25,0.3,3.0,0.3
406,0.301171875,0.4546874999999999,0.5480468750000002,0.30742187499999996,0.43632812499999984,0.29999999999999993,0.40351562500000004,0.35273437499999993,0.349609375,0.3,0.3,0.3,0.3,0.3,0.3,0.3,0.3,0.3,0.3,0.3,12.0,-0.8,20.0,0.41,0.25,0.3,3.0,0.3
407,0.490234375,0.375390625,0.3203125,0.35468750000000004,0.4855468749999998,0.43593749999999987,0.349609375,0.349609375,0.3,0.3,0.3,0.3,0.3,0.3,0.3,0.3,0.3,0.3,0.3,0.3,12.0,-0.8,20.0,0.41,0.25,0.3,3.0,0.3
408,0.3929687500000001,0.33828125,0.3492187499999999,0.34453124999999996,0.275,0.2949218749999999,0.250390625,0.349609375,0.349609375,0.349609375,0.3,0.3,0.3,0.3,0.3,0.3,0.3,0.3,0.3,0.3,12.0,-0.8,20.0,0.41,0.25,0.3,3.0,0.3
409,0.404296875,0.34648437499999996,0.30625,0.30781250000000004,0.418359375,0.42695312499999993,0.423828125,0.375,0.3,0.3,0.3,0.3,0.3,0.3,0.3,0.3,0.3,0.3,0.3,0.3,12.0,-0.8,20.0,0.41,0.25,0.3,3.0,0.3
410,0.29179687499999996,0.5800781250000003,0.41640625,0.29999999999999993,0.250390625,0.39531249999999996,0.37578125000000007,0.40546874999999993,0.375,0.349609375,0.3,0.3,0.3,0.3,0.3,0.3,0.3,0.3,0.3,0.3,12.0,-0.8,20.0,0.42,0.25,0.3,3.0,0.3
411,0.568359375,0.5554687500000002,0.6300781250000002,0.4375,0.45742187499999987,0.359375,0.35625000000000007,0.3,0.3,0.3,0.3,0.3,0.3,0.3,0.3,0.3,0.3,0.3,0.3,0.3,12.0,-0.8,20.0,0.42,0.25,0.3,3.0,0.3
412,0.334375,0.3335937499999999,0.35468750000000004,0.31171874999999993,0.4292968749999999,0.3597656250000001,0.410546875,0.39374999999999993,0.36210937499999996,0.35820312500000007,0.3,0.3,0.3,0.3,0.3,0.3,0.3,0.3,0.3,0.3,12.0,-0.8,20.0,0.42,0.25,0.3,3.0,0.3
413,0.40898437499999996,0.39921875000000007,0.523828125,0.5027343750000001,0.5089843749999999,0.42421875,0.398828125,0.3,0.3,0.3,0.3,0.3,0.3,0.3,0.3,0.3,0.3,0.3,0.3,0.3,12.0,-0.8,20.0,0.42,0.25,0.3,3.0,0.3
414,0.5164062500000001,0.4171874999999998,0.375,0.33085937499999996,0.3746093749999999,0.314453125,0.3125,0.26445312499999996,0.3,0.3,0.3,0.3,0.3,0.3,0.3,0.3,0.3,0.3,0.3,0.3,12.0,-0.8,20.0,0.42,0.25,0.3,3.0,0.3
415,0.6796875000000004,0.4468749999999999,0.6097656250000001,0.5281250000000001,0.29999999999999993,0.5988281250000002,0.3,0.3,0.3,0.3,0.3,0.3,0.3,0.3,0.3,0.3,0.3,0.3,0.3,0.3,12.0,-0.8,20.0,0.43,0.25,0.3,3.0,0.3
416,0.4566406249999999,0.42109375000000004,0.43281250000000004,0.35078125000000004,0.35546875,0.31757812500000004,0.35468749999999993,0.30390625000000004,0.36250000000000004,0.37812500000000004,0.30351562499999996,0.308984375,0.3,0.3,0.3,0.3,0.3,0.3,0.3,0.3,12.0,-0.8,20.0,0.43,0.25,0.3,3.0,0.3
417,0.6550781250000003,0.41171875,0.5175781250000001,0.4671875000000001,0.4765624999999999,0.46953125000000007,0.3,0.3,0.3,0.3,0.3,0.3,0.3,0.3,0.3,0.3,0.3,0.3,0.3,0.3,12.0,-0.8,20.0,0.43,0.25,0.3,3.0,0.3
418,0.3593750000000001,0.3531249999999999,0.30351562499999996,0.30937499999999996,0.312890625,0.331640625,0.344140625,0.349609375,0.3,0.3,0.3,0.3,0.3,0.3,0.3,0.3,0.3,0.3,0.3,0.3,12.0,-0.8,20.0,0.43,0.25,0.3,3.0,0.3
419,0.382421875,0.3300781249999999,0.341796875,0.3539062500000001,0.32500000000000007,0.4394531249999999,0.44179687499999987,0.3,0.3,0.3,0.3,0.3,0.3,0.3,0.3,0.3,0.3,0.3,0.3,0.3,12.0,-0.8,20.0,0.43,0.25,0.3,3.0,0.3
420,0.31992187500000013,0.4878906249999999,0.428125,0.37968750000000007,0.4839843749999999,0.43632812499999996,0.46953124999999996,0.250390625,0.3,0.3,0.3,0.3,0.3,0.3,0.3,0.3,0.3,0.3,0.3,0.3,12.0,-0.8,20.0,0.44,0.25,0.3,3.0,0.3
421,0.3855468750000002,0.357421875,0.34062499999999984,0.32929687500000004,0.3304687500000001,0.33085937500000007,0.3,0.3,0.3,0.3,0.3,0.3,0.3,0.3,0.3,0.3,0.3,0.3,0.3,0.3,12.0,-0.8,20.0,0.44,0.25,0.3,3.0,0.3
422,0.41875000000000007,0.43437499999999996,0.4406249999999998,0.41679687500000007,0.402734375,0.36250000000000004,0.250390625,0.349609375,0.3,0.3,0.3,0.3,0.3,0.3,0.3,0.3,0.3,0.3,0.3,0.3,12.0,-0.8,20.0,0.44,0.25,0.3,3.0,0.3
423,0.54140625,0.519921875,0.475,0.4085937500000001,0.41289062500000007,0.486328125,0.3,0.3,0.3,0.3,0.3,0.3,0.3,0.3,0.3,0.3,0.3,0.3,0.3,0.3,12.0,-0.8,20.0,0.44,0.25,0.3,3.0,0.3
424,0.6156250000000002,0.6156250000000002,0.5046875000000002,0.421875,0.32695312499999996,0.33476562499999996,0.39609375,0.347265625,0.3,0.3,0.3,0.3,0.3,0.3,0.3,0.3,0.3,0.3,0.3,0.3,12.0,-0.8,20.0,0.44,0.25,0.3,3.0,0.3
425,0.4218750000000001,0.39179687500000004,0.34687500000000004,0.3453125,0.349609375,0.3,0.3,0.3,0.3,0.3,0.3,0.3,0.3,0.3,0.3,0.3,0.3,0.3,0.3,0.3,12.0,-0.8,20.0,0.45,0.25,0.3,3.0,0.3
426,0.476171875,0.43476562499999993,0.43632812499999996,0.37617187500000004,0.38828125,0.3,0.3,0.3,0.3,0.3,0.3,0.3,0.3,0.3,0.3,0.3,0.3,0.3,0.3,0.3,12.0,-0.8,20.0,0.45,0.25,0.3,3.0,0.3
427,0.5839843750000001,0.45625000000000016,0.36875,0.3671875,0.38789062499999993,0.384765625,0.3,0.3,0.3,0.3,0.3,0.3,0.3,0.3,0.3,0.3,0.3,0.3,0.3,0.3,12.0,-0.8,20.0,0.45,0.25,0.3,3.0,0.3
428,0.312890625,0.4218750000000002,0.398046875,0.37734375,0.3082031249999999,0.39726562500000007,0.3695312500000001,0.3749999999999999,0.3,0.3,0.3,0.3,0.3,0.3,0.3,0.3,0.3,0.3,0.3,0.3,12.0,-0.8,20.0,0.45,0.25,0.3,3.0,0.3
429,0.4863281250000002,0.5875000000000001,0.32734374999999993,0.48359375000000004,0.4179687499999999,0.439453125,0.3,0.3,0.3,0.3,0.3,0.3,0.3,0.3,0.3,0.3,0.3,0.3,0.3,0.3,12.0,-0.8,20.0,0.45,0.25,0.3,3.0,0.3
430,0.4312499999999999,0.328515625,0.37187499999999996,0.39140624999999996,0.349609375,0.27617187500000007,0.27460937500000004,0.3,0.3,0.3,0.3,0.3,0.3,0.3,0.3,0.3,0.3,0.3,0.3,0.3,12.0,-0.8,20.0,0.46,0.25,0.3,3.0,0.3
431,0.3652343750000001,0.49140625000000004,0.5023437500000001,0.507421875,0.40351562500000004,0.413671875,0.3,0.3,0.3,0.3,0.3,0.3,0.3,0.3,0.3,0.3,0.3,0.3,0.3,0.3,12.0,-0.8,20.0,0.46,0.25,0.3,3.0,0.3
432,0.3296874999999999,0.3316406249999999,0.33632812499999987,0.3671875,0.2875,0.34921875,0.5179687499999999,0.4351562499999999,0.4488281249999999,0.3,0.3,0.3,0.3,0.3,0.3,0.3,0.3,0.3,0.3,0.3,12.0,-0.8,20.0,0.46,0.25,0.3,3.0,0.3
433,0.447265625,0.314453125,0.3144531250000001,0.4214843749999999,0.42656249999999984,0.418359375,0.3593749999999999,0.367578125,0.3,0.3,0.3,0.3,0.3,0.3,0.3,0.3,0.3,0.3,0.3,0.3,12.0,-0.8,20.0,0.46,0.25,0.3,3.0,0.3
434,0.675,0.40937500000000016,0.3671875000000001,0.36250000000000004,0.36171875,0.37734374999999987,0.375,0.3492187499999999,0.3,0.3,0.3,0.3,0.3,0.3,0.3,0.3,0.3,0.3,0.3,0.3,12.0,-0.8,20.0,0.46,0.25,0.3,3.0,0.3
435,0.42070312499999984,0.396875,0.349609375,0.30000000000000004,0.349609375,0.2929687500000001,0.3,0.3,0.3,0.3,0.3,0.3,0.3,0.3,0.3,0.3,0.3,0.3,0.3,0.3,12.0,-0.8,20.0,0.47,0.25,0.3,3.0,0.3
436,0.30000000000000004,0.30000000000000004,0.250390625,0.3,0.3,0.3,0.3,0.3,0.3,0.3,0.3,0.3,0.3,0.3,0.3,0.3,0.3,0.3,0.3,0.3,12.0,-0.8,20.0,0.47,0.25,0.3,3.0,0.3
437,0.4281250000000002,0.42421875,0.35390625,0.39609375,0.3359375,0.387109375,0.3,0.3,0.3,0.3,0.3,0.3,0.3,0.3,0.3,0.3,0.3,0.3,0.3,0.3,12.0,-0.8,20.0,0.47,0.25,0.3,3.0,0.3
438,0.5050781249999999,0.543359375,0.48124999999999996,0.35859374999999993,0.34453124999999996,0.285546875,0.27617187500000007,0.3,0.3,0.3,0.3,0.3,0.3,0.3,0.3,0.3,0.3,0.3,0.3,0.3,12.0,-0.8,20.0,0.47,0.25,0.3,3.0,0.3
439,0.40859375,0.402734375,0.41953125,0.38046875,0.3960937499999999,0.3375,0.38515625,0.374609375,0.3,0.3,0.3,0.3,0.3,0.3,0.3,0.3,0.3,0.3,0.3,0.3,12.0,-0.8,20.0,0.47,0.25,0.3,3.0,0.3
440,0.6527343750000001,0.4968750000000002,0.4863281250000001,0.41953125,0.351171875,0.3,0.3,0.3,0.3,0.3,0.3,0.3,0.3,0.3,0.3,0.3,0.3,0.3,0.3,0.3,12.0,-0.8,20.0,0.48,0.25,0.3,3.0,0.3
441,0.4316406249999999,0.3765625,0.39531249999999996,0.37382812499999996,0.3,0.3,0.3,0.3,0.3,0.3,0.3,0.3,0.3,0.3,0.3,0.3,0.3,0.3,0.3,0.3,12.0,-0.8,20.0,0.48,0.25,0.3,3.0,0.3
442,0.41328125000000004,0.39453125,0.3925781250000001,0.34843750000000007,0.36640625000000004,0.3238281249999999,0.3,0.3,0.3,0.3,0.3,0.3,0.3,0.3,0.3,0.3,0.3,0.3,0.3,0.3,12.0,-0.8,20.0,0.48,0.25,0.3,3.0,0.3
443,0.408203125,0.396875,0.349609375,0.27460937500000004,0.349609375,0.34648437500000007,0.3,0.3,0.3,0.3,0.3,0.3,0.3,0.3,0.3,0.3,0.3,0.3,0.3,0.3,12.0,-0.8,20.0,0.48,0.25,0.3,3.0,0.3
444,0.39531249999999996,0.3492187499999998,0.35078124999999993,0.33867187499999996,0.34921875,0.39921874999999996,0.349609375,0.3,0.3,0.3,0.3,0.3,0.3,0.3,0.3,0.3,0.3,0.3,0.3,0.3,12.0,-0.8,20.0,0.48,0.25,0.3,3.0,0.3
445,0.347265625,0.36875,0.34453124999999996,0.34375,0.34375,0.289453125,0.3,0.3,0.3,0.3,0.3,0.3,0.3,0.3,0.3,0.3,0.3,0.3,0.3,0.3,12.0,-0.8,20.0,0.49,0.25,0.3,3.0,0.3
446,0.45039062499999993,0.38515625,0.396484375,0.37968750000000007,0.398828125,0.3375,0.386328125,0.284765625,0.3,0.3,0.3,0.3,0.3,0.3,0.3,0.3,0.3,0.3,0.3,0.3,12.0,-0.8,20.0,0.49,0.25,0.3,3.0,0.3
447,0.555078125,0.43984375,0.5175781250000001,0.46015624999999993,0.44453124999999993,0.42656249999999996,0.3,0.3,0.3,0.3,0.3,0.3,0.3,0.3,0.3,0.3,0.3,0.3,0.3,0.3,12.0,-0.8,20.0,0.49,0.25,0.3,3.0,0.3
448,0.32499999999999996,0.328125,0.30000000000000004,0.344140625,0.324609375,0.261328125,0.3,0.3,0.3,0.3,0.3,0.3,0.3,0.3,0.3,0.3,0.3,0.3,0.3,0.3,12.0,-0.8,20.0,0.49,0.25,0.3,3.0,0.3
449,0.5558593750000002,0.5000000000000002,0.387109375,0.3515625,0.3,0.3,0.3,0.3,0.3,0.3,0.3,0.3,0.3,0.3,0.3,0.3,0.3,0.3,0.3,0.3,12.0,-0.8,20.0,0.49,0.25,0.3,3.0,0.3
