,ModelSOF,Q1,Q2,Q3,Q4,Q5,Q6,Q7,Q8,Q9,Q10,Q11,Q12,Q13,Q14,Q15,Q16,Q17,Q18,Q19,Q20
0,0.2,0.171484375,0.07695312499999998,0.109375,0.15078124999999995,0.19062500000000007,0.16914062499999996,0.17382812500000017,0.08984374999999997,0.07890624999999998,0.10429687499999998,0.137109375,0.25546875000000036,0.23437500000000008,0.16132812500000002,0.09843750000000004,0.13984375000000002,0.15156250000000002,0.19765624999999998,0.13437500000000013,0.17070312500000004
1,0.21,0.21250000000000002,0.14570312500000013,0.17578125000000014,0.25312500000000027,0.38984374999999993,0.17343750000000002,0.19765624999999992,0.15546875000000013,0.20859375000000022,0.14843750000000003,0.11367187499999995,0.2710937499999998,0.14804687500000002,0.1640625,0.20195312500000004,0.15937499999999996,0.25312500000000016,0.29375000000000007,0.14843749999999997,0.16445312500000006
2,0.22,0.24062500000000017,0.19375,0.2500000000000001,0.13281249999999997,0.16679687499999998,0.2949218750000002,0.11562499999999998,0.18632812500000004,0.2621093750000001,0.2992187500000003,0.10624999999999998,0.15078124999999995,0.1109375,0.15078125,0.23359374999999996,0.17734375000000005,0.230078125,0.1996093749999999,0.27890625000000013,0.2769531249999999
3,0.23,0.10195312500000012,0.2953125,0.22070312500000008,0.4238281250000002,0.24453124999999995,0.21757812500000004,0.16210937500000008,0.18085937499999996,0.2699218750000001,0.30781250000000004,0.26445312500000007,0.156640625,0.2375,0.2093749999999999,0.2277343750000002,0.183984375,0.2210937500000001,0.21445312500000013,0.19492187500000005,0.20390625000000007
4,0.24,0.24101562500000004,0.3335937499999999,0.27226562499999996,0.1941406250000001,0.29765625000000007,0.2792968750000001,0.19257812500000004,0.2359375000000001,0.1890625,0.13476562499999997,0.1515625,0.28125,0.24492187500000015,0.28437500000000016,0.2171875000000001,0.24257812499999995,0.1511718750000001,0.15156250000000002,0.2675781250000002,0.10156249999999997
5,0.25,0.20039062500000013,0.21445312500000005,0.20351562499999995,0.2738281250000002,0.36679687500000013,0.2816406250000001,0.31406250000000024,0.250390625,0.2257812499999999,0.34843750000000007,0.15390625,0.3667968749999997,0.19999999999999998,0.22265625000000008,0.28671875000000024,0.23671874999999995,0.4128906250000002,0.3199218749999999,0.20078125,0.26132812500000013
6,0.26,0.2375000000000001,0.2753906250000001,0.15195312500000002,0.23984374999999994,0.20781250000000004,0.24492187499999993,0.24414062500000008,0.2707031249999998,0.22968750000000004,0.22617187500000005,0.33359375000000013,0.263671875,0.1738281250000001,0.1921875,0.2503906250000001,0.2949218750000001,0.3675781250000001,0.323828125,0.4542968749999998,0.2851562500000001
7,0.27,0.10195312499999998,0.22773437500000013,0.18046875,0.18554687499999997,0.2507812500000002,0.16679687499999998,0.18359375000000008,0.259375,0.2253906250000002,0.214453125,0.23437500000000008,0.24960937500000033,0.2871093749999999,0.2265625,0.1617187500000001,0.23554687500000002,0.27890625000000013,0.2402343750000002,0.30546874999999996,0.1738281249999997
8,0.28,0.4296875000000002,0.21484374999999997,0.26328125000000013,0.35703125,0.21601562500000002,0.3179687499999999,0.23242187499999994,0.11132812499999997,0.26093750000000004,0.23515624999999998,0.19999999999999996,0.27656250000000016,0.27617187499999996,0.27734375,0.321875,0.21875000000000006,0.20195312499999993,0.18749999999999997,0.2988281249999999,0.2894531250000002
9,0.29,0.2304687500000002,0.3203125000000002,0.26171875,0.273828125,0.15078125000000012,0.24570312500000002,0.3203125,0.38632812500000013,0.294921875,0.2578125,0.35546875,0.19609374999999998,0.22968750000000013,0.26445312499999996,0.19882812500000002,0.5031249999999997,0.2835937500000001,0.2535156249999999,0.34648437499999996,0.266015625
10,0.3,0.3164062499999999,0.24062499999999995,0.423828125,0.2503906250000001,0.23554687500000002,0.2578124999999999,0.28046875000000004,0.221875,0.23750000000000007,0.28007812499999996,0.245703125,0.2378906250000001,0.20703124999999997,0.2476562500000001,0.36445312500000016,0.3046875,0.273828125,0.36445312500000004,0.25390625,0.25117187500000004
11,0.31,0.269921875,0.33906250000000004,0.388671875,0.3070312500000001,0.3496093749999998,0.32304687500000007,0.28007812500000007,0.30195312500000004,0.2640625000000001,0.24062499999999995,0.27460937500000016,0.29257812500000013,0.3589843749999999,0.3374999999999998,0.37187499999999996,0.29765625000000007,0.331640625,0.21796875000000002,0.34687500000000004,0.33320312499999993
12,0.32,0.3183593750000001,0.33320312500000027,0.275,0.3906249999999999,0.345703125,0.43828124999999996,0.28281250000000013,0.23007812499999988,0.206640625,0.15664062499999998,0.25898437500000004,0.22500000000000006,0.26289062499999993,0.22656250000000008,0.410546875,0.26210937499999987,0.289453125,0.3437499999999998,0.2832031250000001,0.214453125
13,0.33,0.23945312500000002,0.38750000000000007,0.15156250000000002,0.2828124999999999,0.33828124999999987,0.37773437500000007,0.3070312500000001,0.22070312499999992,0.32343750000000016,0.34257812499999996,0.3257812499999999,0.35078125000000027,0.24453124999999995,0.22578125,0.33046875,0.31367187500000004,0.26914062500000013,0.26093749999999993,0.334375,0.2503906250000001
14,0.34,0.255859375,0.36054687500000004,0.433984375,0.36171875,0.2007812500000001,0.22148437499999996,0.2636718749999999,0.3921874999999999,0.46367187500000007,0.34492187500000004,0.3304687500000001,0.36640624999999993,0.429296875,0.2851562500000001,0.37773437500000007,0.2714843750000001,0.3046875,0.25117187500000016,0.20078125,0.25703124999999993
15,0.35,0.2734375,0.38164062500000007,0.33359375,0.4167968750000002,0.26132812500000024,0.3726562499999999,0.3765624999999999,0.32304687500000007,0.331640625,0.2890625,0.33164062500000013,0.29999999999999993,0.4003906249999999,0.35117187500000036,0.24140625000000004,0.3398437499999999,0.175390625,0.3624999999999998,0.36796875000000007,0.36171875
16,0.36,0.25507812500000004,0.3183593750000001,0.349609375,0.39453125,0.3359375,0.3457031250000001,0.4027343750000001,0.511328125,0.4222656250000001,0.42695312500000004,0.296875,0.29765625000000007,0.32695312499999984,0.353515625,0.34648437500000007,0.6269531249999999,0.36210937500000007,0.34921875,0.39726562499999984,0.29999999999999993
17,0.37,0.300390625,0.29609374999999993,0.3011718750000001,0.2496093750000001,0.419921875,0.39453125,0.35234375000000007,0.36054687500000004,0.29960937500000007,0.370703125,0.44804687500000007,0.459375,0.201171875,0.201171875,0.38789062500000004,0.201171875,0.36484375,0.3617187500000001,0.44453125000000004,0.34492187500000004
18,0.38,0.499609375,0.3046875,0.3476562499999999,0.42578125,0.3476562500000002,0.29960937499999996,0.20078125,0.35429687499999996,0.2871093750000001,0.4765625000000001,0.4511718750000001,0.34921875,0.3535156250000001,0.4378906250000001,0.404296875,0.5386718750000004,0.38789062500000004,0.41796875,0.3871093750000002,0.20078125
19,0.39,0.3164062499999999,0.46640625,0.3140625,0.314453125,0.276953125,0.337890625,0.2500000000000001,0.3687499999999999,0.29960937500000007,0.3515625,0.3710937500000001,0.39570312500000004,0.31523437499999984,0.332421875,0.3929687500000001,0.3222656250000001,0.37031249999999993,0.336328125,0.5210937500000002,0.28789062499999996
20,0.4,0.349609375,0.43125,0.44414062499999984,0.41289062500000007,0.40625,0.412109375,0.2250000000000001,0.480078125,0.38359375000000007,0.31679687499999987,0.33281249999999984,0.22539062499999998,0.15117187499999998,0.410546875,0.29960937500000007,0.32499999999999996,0.32578125000000013,0.222265625,0.5515625000000002,0.20078125
21,0.41,0.47226562500000013,0.33124999999999993,0.353125,0.35429687499999984,0.20078125,0.4597656250000002,0.43632812499999996,0.2984374999999999,0.40703125000000007,0.30078125,0.2968750000000001,0.36601562499999996,0.277734375,0.3515625,0.250390625,0.29999999999999993,0.47109374999999987,0.4746093750000001,0.250390625,0.40625
22,0.42,0.32968750000000013,0.4707031249999999,0.30000000000000004,0.26093750000000004,0.355078125,0.250390625,0.27226562499999996,0.4414062500000001,0.36640625000000004,0.43085937500000016,0.5269531250000001,0.4722656249999999,0.34257812499999996,0.4812500000000002,0.34921875,0.33710937500000004,0.41015625,0.34921875,0.349609375,0.3
23,0.43,0.40507812499999996,0.390625,0.4492187499999999,0.4125,0.3828125,0.3906250000000001,0.27226562499999996,0.4578125000000002,0.3761718749999998,0.2125,0.30937499999999996,0.2503906250000001,0.44843749999999993,0.398828125,0.33906249999999993,0.4121093749999999,0.44414062500000007,0.34218749999999987,0.2503906250000001,0.5535156250000001
24,0.44,0.41875000000000007,0.363671875,0.43437500000000007,0.5316406250000002,0.49101562499999984,0.29765625000000007,0.33125000000000004,0.53125,0.31328124999999996,0.27460937500000004,0.35624999999999996,0.58125,0.455078125,0.4003906249999999,0.250390625,0.300390625,0.250390625,0.3,0.3,0.3
25,0.45,0.50625,0.5316406250000002,0.47343749999999973,0.4062500000000001,0.29374999999999996,0.4808593750000001,0.401953125,0.32578125,0.31171875000000004,0.46171874999999996,0.24414062499999997,0.39765625000000004,0.505078125,0.2964843749999999,0.29960937500000007,0.435546875,0.38164062500000007,0.3,0.3,0.3
26,0.46,0.33320312499999993,0.2945312499999999,0.44687500000000024,0.38007812499999993,0.42460937500000007,0.35234374999999996,0.3382812500000001,0.4617187500000004,0.4492187500000001,0.46015625000000016,0.30234375,0.41015625,0.4656250000000003,0.5007812500000002,0.29999999999999993,0.3843749999999999,0.30156249999999996,0.250390625,0.250390625,0.3
27,0.47,0.30976562500000004,0.4140625,0.30625,0.316015625,0.4042968749999999,0.3867187500000001,0.41289062499999984,0.43125000000000013,0.5085937500000001,0.478515625,0.512109375,0.3023437499999999,0.355078125,0.44414062499999996,0.4531249999999999,0.3,0.3,0.3,0.3,0.3
28,0.48,0.34140625000000013,0.4105468750000004,0.365625,0.3359375,0.42343750000000024,0.405859375,0.5039062500000003,0.334375,0.45703125,0.48476562499999987,0.357421875,0.529296875,0.41874999999999996,0.2542968750000001,0.595703125,0.3941406249999999,0.29414062499999993,0.39921874999999996,0.3,0.3
29,0.49,0.421484375,0.5117187500000001,0.5261718749999998,0.5160156250000001,0.460546875,0.5660156250000002,0.5316406249999999,0.3765624999999999,0.398828125,0.37734375,0.419921875,0.349609375,0.3,0.3,0.3,0.3,0.3,0.3,0.3,0.3
